1 I 0 26043
2 P 40 533
3 P 80 1167
4 P 120 672
5 P 160 2306
6 P 200 551
7 P 240 1461
8 P 280 505
9 P 320 11671
10 P 360 348
11 P 400 1111
12 P 440 449
13 P 480 2833
14 P 520 476
15 P 560 1697
16 P 600 695
17 P 640 18800
18 P 680 443
19 P 720 1496
20 P 760 669
21 P 800 1926
22 P 840 408
23 P 880 1172
24 P 920 402
25 I 960 29377
26 P 1000 649
27 P 1040 1143
28 P 1080 428
29 P 1120 3861
30 P 1160 611
31 P 1200 2245
32 P 1240 956
33 P 1280 19998
34 P 1320 901
35 P 1360 2818
36 P 1400 631
37 P 1440 3574
38 P 1480 745
39 P 1520 1891
40 P 1560 331
41 P 1600 17962
42 P 1640 387
43 P 1680 1386
44 P 1720 498
45 P 1760 2730
46 P 1800 705
47 P 1840 1491
48 P 1880 672
49 I 1920 22352
50 P 1960 1011
51 P 2000 1214
52 P 2040 696
53 P 2080 3854
54 P 2120 833
55 P 2160 2107
56 P 2200 630
57 P 2240 11042
58 P 2280 1881
59 P 2320 1086
60 P 2360 1042
61 P 2400 2238
62 P 2440 322
63 P 2480 1863
64 P 2520 452
65 P 2560 9882
66 P 2600 488
67 P 2640 1121
68 P 2680 699
69 P 2720 1954
70 P 2760 334
71 P 2800 1054
72 P 2840 242
73 I 2880 17442
74 P 2920 464
75 P 2960 1305
76 P 3000 223
77 P 3040 2863
78 P 3080 636
79 P 3120 1423
80 P 3160 253
81 P 3200 8805
82 P 3240 365
83 P 3280 1530
84 P 3320 521
85 P 3360 3231
86 P 3400 433
87 P 3440 1167
88 P 3480 536
89 P 3520 18301
90 P 3560 361
91 P 3600 1385
92 P 3640 486
93 P 3680 2571
94 P 3720 467
95 P 3760 937
96 P 3800 430
97 I 3840 23660
98 P 3880 356
99 P 3920 1361
100 P 3960 416
101 P 4000 3111
102 P 4040 650
103 P 4080 1400
104 P 4120 456
105 P 4160 16677
106 P 4200 561
107 P 4240 1557
108 P 4280 509
109 P 4320 2941
110 P 4360 490
111 P 4400 1900
112 P 4440 530
113 P 4480 14250
114 P 4520 564
115 P 4560 1672
116 P 4600 532
117 P 4640 3654
118 P 4680 497
119 P 4720 1634
120 P 4760 534
121 I 4800 25835
122 P 4840 521
123 P 4880 1610
124 P 4920 666
125 P 4960 3223
126 P 5000 459
127 P 5040 1647
128 P 5080 447
129 P 5120 14426
130 P 5160 461
131 P 5200 1489
132 P 5240 462
133 P 5280 2906
134 P 5320 632
135 P 5360 1072
136 P 5400 832
137 P 5440 14558
138 P 5480 577
139 P 5520 1506
140 P 5560 576
141 P 5600 3139
142 P 5640 519
143 P 5680 1732
144 P 5720 725
145 I 5760 21741
146 P 5800 546
147 P 5840 1220
148 P 5880 844
149 P 5920 2592
150 P 5960 314
151 P 6000 1472
152 P 6040 465
153 P 6080 11090
154 P 6120 488
155 P 6160 1543
156 P 6200 457
157 P 6240 1761
158 P 6280 733
159 P 6320 1113
160 P 6360 334
161 P 6400 10320
162 P 6440 408
163 P 6480 1064
164 P 6520 555
165 P 6560 2117
166 P 6600 685
167 P 6640 914
168 P 6680 401
169 I 6720 12671
170 P 6760 294
171 P 6800 1078
172 P 6840 702
173 P 6880 1287
174 P 6920 233
175 P 6960 962
176 P 7000 691
177 P 7040 6729
178 P 7080 502
179 P 7120 820
180 P 7160 380
181 P 7200 1733
182 P 7240 358
183 P 7280 729
184 P 7320 264
185 P 7360 6263
186 P 7400 440
187 P 7440 1098
188 P 7480 234
189 P 7520 1357
190 P 7560 447
191 P 7600 966
192 P 7640 426
193 I 7680 8046
194 P 7720 261
195 P 7760 898
196 P 7800 482
197 P 7840 1665
198 P 7880 465
199 P 7920 1082
200 P 7960 550
201 P 8000 4916
202 P 8040 721
203 P 8080 143
204 P 8120 44
205 P 8160 180
206 P 8200 65
207 P 8240 82
208 P 8280 59
209 P 8320 16403
210 P 8360 57
211 P 8400 75
212 P 8440 32
213 P 8480 109
214 P 8520 27
215 P 8560 33
216 P 8600 26
217 I 8640 20138
218 P 8680 50
219 P 8720 240
220 P 8760 95
221 P 8800 136
222 P 8840 57
223 P 8880 94
224 P 8920 51
225 P 8960 4546
226 P 9000 64
227 P 9040 101
228 P 9080 87
229 P 9120 348
230 P 9160 65
231 P 9200 80
232 P 9240 82
233 P 9280 1758
234 P 9320 89
235 P 9360 126
236 P 9400 51
237 P 9440 297
238 P 9480 26
239 P 9520 90
240 P 9560 68
241 I 9600 23619
242 P 9640 57
243 P 9680 249
244 P 9720 85
245 P 9760 192
246 P 9800 23
247 P 9840 99
248 P 9880 99
249 P 9920 1770
250 P 9960 40
251 P 10000 165
252 P 10040 60
253 P 10080 121
254 P 10120 66
255 P 10160 257
256 P 10200 68
257 P 10240 2266
258 P 10280 84
259 P 10320 121
260 P 10360 74
261 P 10400 270
262 P 10440 61
263 P 10480 112
264 P 10520 92
265 I 10560 23879
266 P 10600 129
267 P 10640 211
268 P 10680 64
269 P 10720 256
270 P 10760 92
271 P 10800 90
272 P 10840 91
273 P 10880 2289
274 P 10920 58
275 P 10960 262
276 P 11000 45
277 P 11040 259
278 P 11080 148
279 P 11120 91
280 P 11160 108
281 P 11200 3038
282 P 11240 167
283 P 11280 178
284 P 11320 122
285 P 11360 402
286 P 11400 165
287 P 11440 153
288 P 11480 76
289 I 11520 23330
290 P 11560 54
291 P 11600 99
292 P 11640 93
293 P 11680 475
294 P 11720 102
295 P 11760 163
296 P 11800 65
297 P 11840 2634
298 P 11880 35
299 P 11920 94
300 P 11960 23
301 P 12000 135
302 P 12040 50
303 P 12080 84
304 P 12120 45
305 P 12160 2115
306 P 12200 69
307 P 12240 95
308 P 12280 44
309 P 12320 107
310 P 12360 42
311 P 12400 88
312 P 12440 52
313 I 12480 19808
314 P 12520 43
315 P 12560 70
316 P 12600 25
317 P 12640 88
318 P 12680 66
319 P 12720 91
320 P 12760 43
321 P 12800 1766
322 P 12840 25
323 P 12880 109
324 P 12920 32
325 P 12960 123
326 P 13000 44
327 P 13040 69
328 P 13080 52
329 P 13120 2318
330 P 13160 62
331 P 13200 90
332 P 13240 59
333 P 13280 155
334 P 13320 58
335 P 13360 107
336 P 13400 52
337 I 13440 19697
338 P 13480 57
339 P 13520 67
340 P 13560 48
341 P 13600 176
342 P 13640 34
343 P 13680 86
344 P 13720 44
345 P 13760 1743
346 P 13800 46
347 P 13840 93
348 P 13880 27
349 P 13920 111
350 P 13960 56
351 P 14000 87
352 P 14040 53
353 P 14080 2394
354 P 14120 33
355 P 14160 80
356 P 14200 47
357 P 14240 359
358 P 14280 52
359 P 14320 192
360 P 14360 76
361 I 14400 29353
362 P 14440 137
363 P 14480 514
364 P 14520 197
365 P 14560 1183
366 P 14600 213
367 P 14640 742
368 P 14680 246
369 P 14720 6547
370 P 14760 258
371 P 14800 784
372 P 14840 234
373 P 14880 1327
374 P 14920 180
375 P 14960 546
376 P 15000 150
377 P 15040 6858
378 P 15080 159
379 P 15120 608
380 P 15160 164
381 P 15200 1012
382 P 15240 146
383 P 15280 546
384 P 15320 154
385 I 15360 29326
386 P 15400 216
387 P 15440 587
388 P 15480 159
389 P 15520 980
390 P 15560 115
391 P 15600 404
392 P 15640 108
393 P 15680 4669
394 P 15720 121
395 P 15760 462
396 P 15800 129
397 P 15840 962
398 P 15880 128
399 P 15920 560
400 P 15960 212
401 P 16000 5490
402 P 16040 223
403 P 16080 839
404 P 16120 181
405 P 16160 1432
406 P 16200 121
407 P 16240 511
408 P 16280 98
409 I 16320 29104
410 P 16360 145
411 P 16400 641
412 P 16440 242
413 P 16480 1194
414 P 16520 185
415 P 16560 546
416 P 16600 135
417 P 16640 6923
418 P 16680 173
419 P 16720 525
420 P 16760 167
421 P 16800 1333
422 P 16840 182
423 P 16880 801
424 P 16920 254
425 P 16960 7817
426 P 17000 272
427 P 17040 839
428 P 17080 222
429 P 17120 1674
430 P 17160 288
431 P 17200 1003
432 P 17240 282
433 I 17280 29755
434 P 17320 245
435 P 17360 649
436 P 17400 150
437 P 17440 1386
438 P 17480 152
439 P 17520 685
440 P 17560 153
441 P 17600 7168
442 P 17640 220
443 P 17680 816
444 P 17720 211
445 P 17760 1856
446 P 17800 248
447 P 17840 810
448 P 17880 276
449 P 17920 6939
450 P 17960 296
451 P 18000 829
452 P 18040 232
453 P 18080 1653
454 P 18120 211
455 P 18160 790
456 P 18200 214
457 I 18240 30741
458 P 18280 268
459 P 18320 948
460 P 18360 303
461 P 18400 1837
462 P 18440 226
463 P 18480 734
464 P 18520 170
465 P 18560 8216
466 P 18600 156
467 P 18640 624
468 P 18680 148
469 P 18720 1419
470 P 18760 158
471 P 18800 662
472 P 18840 152
473 P 18880 8888
474 P 18920 162
475 P 18960 608
476 P 19000 140
477 P 19040 1543
478 P 19080 187
479 P 19120 878
480 P 19160 256
481 I 19200 31899
482 P 19240 198
483 P 19280 646
484 P 19320 175
485 P 19360 1560
486 P 19400 230
487 P 19440 929
488 P 19480 294
489 P 19520 8565
490 P 19560 315
491 P 19600 1068
492 P 19640 294
493 P 19680 2411
494 P 19720 431
495 P 19760 1472
496 P 19800 519
497 P 19840 10688
498 P 19880 540
499 P 19920 1630
500 P 19960 470
501 P 20000 2674
502 P 20040 381
503 P 20080 1487
504 P 20120 488
505 I 20160 31424
506 P 20200 488
507 P 20240 1796
508 P 20280 546
509 P 20320 3053
510 P 20360 541
511 P 20400 1690
512 P 20440 482
513 P 20480 10732
514 P 20520 424
515 P 20560 1606
516 P 20600 437
517 P 20640 2994
518 P 20680 449
519 P 20720 1612
520 P 20760 444
521 P 20800 11841
522 P 20840 371
523 P 20880 1415
524 P 20920 462
525 P 20960 2224
526 P 21000 389
527 P 21040 1162
528 P 21080 360
529 I 21120 30513
530 P 21160 285
531 P 21200 1059
532 P 21240 345
533 P 21280 2077
534 P 21320 306
535 P 21360 1274
536 P 21400 397
537 P 21440 8318
538 P 21480 385
539 P 21520 1301
540 P 21560 399
541 P 21600 2498
542 P 21640 451
543 P 21680 1405
544 P 21720 434
545 P 21760 9134
546 P 21800 430
547 P 21840 1441
548 P 21880 414
549 P 21920 2084
550 P 21960 352
551 P 22000 994
552 P 22040 296
553 I 22080 29563
554 P 22120 210
555 P 22160 844
556 P 22200 209
557 P 22240 1565
558 P 22280 287
559 P 22320 895
560 P 22360 271
561 P 22400 7076
562 P 22440 272
563 P 22480 943
564 P 22520 286
565 P 22560 1815
566 P 22600 270
567 P 22640 1008
568 P 22680 279
569 P 22720 8282
570 P 22760 344
571 P 22800 1142
572 P 22840 334
573 P 22880 1952
574 P 22920 275
575 P 22960 988
576 P 23000 255
577 I 23040 29355
578 P 23080 216
579 P 23120 761
580 P 23160 208
581 P 23200 1185
582 P 23240 207
583 P 23280 461
584 P 23320 102
585 P 23360 6610
586 P 23400 88
587 P 23440 370
588 P 23480 100
589 P 23520 749
590 P 23560 93
591 P 23600 360
592 P 23640 99
593 P 23680 5504
594 P 23720 156
595 P 23760 535
596 P 23800 112
597 P 23840 940
598 P 23880 121
599 P 23920 424
600 P 23960 126
601 I 24000 29701
602 P 24040 103
603 P 24080 349
604 P 24120 73
605 P 24160 536
606 P 24200 64
607 P 24240 287
608 P 24280 62
609 P 24320 4233
610 P 24360 61
611 P 24400 263
612 P 24440 76
613 P 24480 510
614 P 24520 86
615 P 24560 286
616 P 24600 98
617 P 24640 4297
618 P 24680 130
619 P 24720 244
620 P 24760 65
621 P 24800 633
622 P 24840 69
623 P 24880 323
624 P 24920 142
625 I 24960 30134
626 P 25000 114
627 P 25040 410
628 P 25080 156
629 P 25120 714
630 P 25160 74
631 P 25200 319
632 P 25240 76
633 P 25280 5072
634 P 25320 73
635 P 25360 280
636 P 25400 37
637 P 25440 585
638 P 25480 68
639 P 25520 239
640 P 25560 74
641 P 25600 4563
642 P 25640 56
643 P 25680 238
644 P 25720 52
645 P 25760 503
646 P 25800 99
647 P 25840 264
648 P 25880 75
649 I 25920 30347
650 P 25960 55
651 P 26000 193
652 P 26040 34
653 P 26080 485
654 P 26120 46
655 P 26160 156
656 P 26200 41
657 P 26240 3129
658 P 26280 27
659 P 26320 183
660 P 26360 96
661 P 26400 673
662 P 26440 253
663 P 26480 937
664 P 26520 556
665 P 26560 6570
666 P 26600 447
667 P 26640 1310
668 P 26680 477
669 P 26720 2268
670 P 26760 423
671 P 26800 1307
672 P 26840 517
673 I 26880 29750
674 P 26920 492
675 P 26960 1207
676 P 27000 362
677 P 27040 1447
678 P 27080 303
679 P 27120 524
680 P 27160 125
681 P 27200 6154
682 P 27240 99
683 P 27280 400
684 P 27320 139
685 P 27360 1010
686 P 27400 220
687 P 27440 951
688 P 27480 354
689 P 27520 6087
690 P 27560 425
691 P 27600 933
692 P 27640 263
693 P 27680 1680
694 P 27720 236
695 P 27760 769
696 P 27800 324
697 I 27840 29523
698 P 27880 374
699 P 27920 1128
700 P 27960 429
701 P 28000 1819
702 P 28040 363
703 P 28080 954
704 P 28120 312
705 P 28160 7221
706 P 28200 374
707 P 28240 1098
708 P 28280 436
709 P 28320 2363
710 P 28360 480
711 P 28400 1280
712 P 28440 448
713 P 28480 8684
714 P 28520 446
715 P 28560 1468
716 P 28600 539
717 P 28640 2982
718 P 28680 619
719 P 28720 1908
720 P 28760 661
721 I 28800 29467
722 P 28840 590
723 P 28880 1696
724 P 28920 461
725 P 28960 4027
726 P 29000 733
727 P 29040 3745
728 P 29080 775
729 P 29120 21814
730 P 29160 651
731 P 29200 2046
732 P 29240 321
733 P 29280 4090
734 P 29320 322
735 P 29360 1803
736 P 29400 217
737 P 29440 14656
738 P 29480 223
739 P 29520 1495
740 P 29560 229
741 P 29600 3853
742 P 29640 228
743 P 29680 1488
744 P 29720 288
745 I 29760 25006
746 P 29800 545
747 P 29840 2818
748 P 29880 1034
749 P 29920 5416
750 P 29960 1093
751 P 30000 2856
752 P 30040 903
753 P 30080 15039
754 P 30120 649
755 P 30160 2736
756 P 30200 737
757 P 30240 4833
758 P 30280 1496
759 P 30320 3471
760 P 30360 1157
761 P 30400 14838
762 P 30440 984
763 P 30480 2952
764 P 30520 1024
765 P 30560 5163
766 P 30600 857
767 P 30640 2760
768 P 30680 1045
769 I 30720 24351
770 P 30760 1811
771 P 30800 998
772 P 30840 65
773 P 30880 1773
774 P 30920 74
775 P 30960 277
776 P 31000 73
777 P 31040 42876
778 P 31080 99
779 P 31120 339
780 P 31160 76
781 P 31200 826
782 P 31240 74
783 P 31280 286
784 P 31320 72
785 P 31360 16135
786 P 31400 112
787 P 31440 388
788 P 31480 73
789 P 31520 972
790 P 31560 74
791 P 31600 342
792 P 31640 80
793 I 31680 54279
794 P 31720 78
795 P 31760 302
796 P 31800 76
797 P 31840 851
798 P 31880 77
799 P 31920 322
800 P 31960 89
801 P 32000 13465
802 P 32040 77
803 P 32080 309
804 P 32120 75
805 P 32160 852
806 P 32200 70
807 P 32240 309
808 P 32280 72
809 P 32320 13455
810 P 32360 91
811 P 32400 359
812 P 32440 84
813 P 32480 969
814 P 32520 73
815 P 32560 354
816 P 32600 104
817 I 32640 54066
818 P 32680 101
819 P 32720 325
820 P 32760 78
821 P 32800 857
822 P 32840 65
823 P 32880 305
824 P 32920 89
825 P 32960 13490
826 P 33000 74
827 P 33040 346
828 P 33080 78
829 P 33120 870
830 P 33160 73
831 P 33200 335
832 P 33240 73
833 P 33280 13710
834 P 33320 83
835 P 33360 335
836 P 33400 71
837 P 33440 968
838 P 33480 68
839 P 33520 360
840 P 33560 86
841 I 33600 53558
842 P 33640 71
843 P 33680 286
844 P 33720 61
845 P 33760 780
846 P 33800 71
847 P 33840 311
848 P 33880 71
849 P 33920 13213
850 P 33960 65
851 P 34000 273
852 P 34040 68
853 P 34080 1766
854 P 34120 73
855 P 34160 997
856 P 34200 1713
857 P 34240 25056
858 P 34280 1502
859 P 34320 3728
860 P 34360 1374
861 P 34400 5694
862 P 34440 718
863 P 34480 3132
864 P 34520 849
865 I 34560 28733
866 P 34600 1016
867 P 34640 3307
868 P 34680 832
869 P 34720 5638
870 P 34760 819
871 P 34800 3001
872 P 34840 757
873 P 34880 15415
874 P 34920 427
875 P 34960 2293
876 P 35000 331
877 P 35040 5047
878 P 35080 466
879 P 35120 2513
880 P 35160 494
881 P 35200 15698
882 P 35240 576
883 P 35280 2765
884 P 35320 575
885 P 35360 7030
886 P 35400 519
887 P 35440 4187
888 P 35480 2934
889 I 35520 23263
890 P 35560 2205
891 P 35600 4925
892 P 35640 861
893 P 35680 5299
894 P 35720 423
895 P 35760 2335
896 P 35800 617
897 P 35840 18917
898 P 35880 621
899 P 35920 3510
900 P 35960 1266
901 P 36000 9081
902 P 36040 739
903 P 36080 4251
904 P 36120 780
905 P 36160 20053
906 P 36200 1184
907 P 36240 8523
908 P 36280 1351
909 P 36320 14224
910 P 36360 1698
911 P 36400 7065
912 P 36440 1667
913 I 36480 33160
914 P 36520 1731
915 P 36560 4925
916 P 36600 1541
917 P 36640 9357
918 P 36680 1399
919 P 36720 4321
920 P 36760 1298
921 P 36800 34134
922 P 36840 1163
923 P 36880 3792
924 P 36920 1235
925 P 36960 7028
926 P 37000 901
927 P 37040 3417
928 P 37080 1598
929 P 37120 28723
930 P 37160 1089
931 P 37200 3507
932 P 37240 1072
933 P 37280 6771
934 P 37320 1053
935 P 37360 3548
936 P 37400 1108
937 I 37440 45391
938 P 37480 1007
939 P 37520 3328
940 P 37560 998
941 P 37600 6883
942 P 37640 861
943 P 37680 3064
944 P 37720 1090
945 P 37760 23172
946 P 37800 1089
947 P 37840 2851
948 P 37880 943
949 P 37920 6382
950 P 37960 1217
951 P 38000 3403
952 P 38040 1275
953 P 38080 22861
954 P 38120 1121
955 P 38160 4693
956 P 38200 1170
957 P 38240 4362
958 P 38280 805
959 P 38320 2060
960 P 38360 827
961 I 38400 46847
962 P 38440 842
963 P 38480 2365
964 P 38520 1122
965 P 38560 4508
966 P 38600 1684
967 P 38640 3830
968 P 38680 1059
969 P 38720 18431
970 P 38760 970
971 P 38800 2716
972 P 38840 1073
973 P 38880 4296
974 P 38920 1071
975 P 38960 2783
976 P 39000 922
977 P 39040 22596
978 P 39080 752
979 P 39120 2071
980 P 39160 631
981 P 39200 3334
982 P 39240 687
983 P 39280 2179
984 P 39320 898
985 I 39360 44496
986 P 39400 967
987 P 39440 3114
988 P 39480 1492
989 P 39520 4539
990 P 39560 986
991 P 39600 2375
992 P 39640 1097
993 P 39680 24689
994 P 39720 1177
995 P 39760 2730
996 P 39800 1148
997 P 39840 4767
998 P 39880 1287
999 P 39920 3357
1000 P 39960 1383
1001 P 40000 12799
1002 P 40040 1745
1003 P 40080 3927
1004 P 40120 1657
1005 P 40160 5653
1006 P 40200 1648
1007 P 40240 3778
1008 P 40280 1695
1009 I 40320 27174
1010 P 40360 1557
1011 P 40400 4115
1012 P 40440 1551
1013 P 40480 4723
1014 P 40520 1338
1015 P 40560 3011
1016 P 40600 1195
1017 P 40640 14364
1018 P 40680 1240
1019 P 40720 3162
1020 P 40760 1428
1021 P 40800 4642
1022 P 40840 1381
1023 P 40880 3146
1024 P 40920 1462
1025 P 40960 13638
1026 P 41000 1522
1027 P 41040 3098
1028 P 41080 1443
1029 P 41120 4637
1030 P 41160 1179
1031 P 41200 2739
1032 P 41240 1148
1033 I 41280 28315
1034 P 41320 1029
1035 P 41360 2683
1036 P 41400 1118
1037 P 41440 4852
1038 P 41480 1364
1039 P 41520 3056
1040 P 41560 1151
1041 P 41600 13846
1042 P 41640 991
1043 P 41680 3071
1044 P 41720 1412
1045 P 41760 6189
1046 P 41800 1280
1047 P 41840 4430
1048 P 41880 1920
1049 P 41920 33819
1050 P 41960 578
1051 P 42000 1823
1052 P 42040 612
1053 P 42080 3039
1054 P 42120 512
1055 P 42160 1817
1056 P 42200 443
1057 I 42240 40863
1058 P 42280 430
1059 P 42320 1485
1060 P 42360 456
1061 P 42400 4871
1062 P 42440 856
1063 P 42480 1575
1064 P 42520 487
1065 P 42560 13052
1066 P 42600 505
1067 P 42640 2013
1068 P 42680 1932
1069 P 42720 2796
1070 P 42760 585
1071 P 42800 1857
1072 P 42840 339
1073 P 42880 13406
1074 P 42920 385
1075 P 42960 1010
1076 P 43000 463
1077 P 43040 1269
1078 P 43080 385
1079 P 43120 1328
1080 P 43160 268
1081 I 43200 38185
1082 P 43240 240
1083 P 43280 1237
1084 P 43320 363
1085 P 43360 2115
1086 P 43400 270
1087 P 43440 1220
1088 P 43480 303
1089 P 43520 7248
1090 P 43560 239
1091 P 43600 960
1092 P 43640 258
1093 P 43680 1766
1094 P 43720 183
1095 P 43760 1136
1096 P 43800 249
1097 P 43840 7115
1098 P 43880 193
1099 P 43920 964
1100 P 43960 317
1101 P 44000 2106
1102 P 44040 271
1103 P 44080 1392
1104 P 44120 474
1105 I 44160 39194
1106 P 44200 413
1107 P 44240 1472
1108 P 44280 346
1109 P 44320 2556
1110 P 44360 474
1111 P 44400 1352
1112 P 44440 385
1113 P 44480 9519
1114 P 44520 280
1115 P 44560 1411
1116 P 44600 162
1117 P 44640 2142
1118 P 44680 172
1119 P 44720 1500
1120 P 44760 422
1121 P 44800 16321
1122 P 44840 115
1123 P 44880 359
1124 P 44920 88
1125 P 44960 695
1126 P 45000 160
1127 P 45040 340
1128 P 45080 91
1129 I 45120 18753
1130 P 45160 139
1131 P 45200 669
1132 P 45240 132
1133 P 45280 1434
1134 P 45320 69
1135 P 45360 531
1136 P 45400 151
1137 P 45440 6657
1138 P 45480 113
1139 P 45520 499
1140 P 45560 105
1141 P 45600 1496
1142 P 45640 85
1143 P 45680 554
1144 P 45720 92
1145 P 45760 9100
1146 P 45800 79
1147 P 45840 409
1148 P 45880 76
1149 P 45920 1678
1150 P 45960 116
1151 P 46000 666
1152 P 46040 94
1153 I 46080 19350
1154 P 46120 117
1155 P 46160 791
1156 P 46200 153
1157 P 46240 1759
1158 P 46280 135
1159 P 46320 585
1160 P 46360 89
1161 P 46400 9493
1162 P 46440 142
1163 P 46480 736
1164 P 46520 160
1165 P 46560 2131
1166 P 46600 113
1167 P 46640 683
1168 P 46680 92
1169 P 46720 11585
1170 P 46760 234
1171 P 46800 1030
1172 P 46840 175
1173 P 46880 2670
1174 P 46920 167
1175 P 46960 999
1176 P 47000 204
1177 I 47040 22745
1178 P 47080 162
1179 P 47120 1017
1180 P 47160 184
1181 P 47200 3050
1182 P 47240 173
1183 P 47280 875
1184 P 47320 121
1185 P 47360 14498
1186 P 47400 97
1187 P 47440 654
1188 P 47480 113
1189 P 47520 2267
1190 P 47560 184
1191 P 47600 660
1192 P 47640 156
1193 P 47680 13508
1194 P 47720 284
1195 P 47760 893
1196 P 47800 175
1197 P 47840 1705
1198 P 47880 148
1199 P 47920 449
1200 P 47960 115
1201 I 48000 17457
1202 P 48040 116
1203 P 48080 337
1204 P 48120 77
1205 P 48160 676
1206 P 48200 59
1207 P 48240 272
1208 P 48280 66
1209 P 48320 5778
1210 P 48360 65
1211 P 48400 277
1212 P 48440 73
1213 P 48480 519
1214 P 48520 80
1215 P 48560 234
1216 P 48600 78
1217 P 48640 3410
1218 P 48680 106
1219 P 48720 406
1220 P 48760 94
1221 P 48800 519
1222 P 48840 113
1223 P 48880 287
1224 P 48920 79
1225 I 48960 16857
1226 P 49000 89
1227 P 49040 358
1228 P 49080 110
1229 P 49120 448
1230 P 49160 75
1231 P 49200 230
1232 P 49240 65
1233 P 49280 3139
1234 P 49320 81
1235 P 49360 249
1236 P 49400 88
1237 P 49440 374
1238 P 49480 70
1239 P 49520 210
1240 P 49560 63
1241 P 49600 2532
1242 P 49640 94
1243 P 49680 293
1244 P 49720 74
1245 P 49760 309
1246 P 49800 79
1247 P 49840 238
1248 P 49880 95
1249 I 49920 16675
1250 P 49960 84
1251 P 50000 290
1252 P 50040 98
1253 P 50080 484
1254 P 50120 75
1255 P 50160 366
1256 P 50200 84
1257 P 50240 3398
1258 P 50280 77
1259 P 50320 351
1260 P 50360 72
1261 P 50400 760
1262 P 50440 81
1263 P 50480 336
1264 P 50520 77
1265 P 50560 3704
1266 P 50600 67
1267 P 50640 286
1268 P 50680 74
1269 P 50720 509
1270 P 50760 85
1271 P 50800 276
1272 P 50840 68
1273 I 50880 16852
1274 P 50920 67
1275 P 50960 219
1276 P 51000 75
1277 P 51040 440
1278 P 51080 86
1279 P 51120 178
1280 P 51160 77
1281 P 51200 2464
1282 P 51240 78
1283 P 51280 212
1284 P 51320 67
1285 P 51360 208
1286 P 51400 78
1287 P 51440 174
1288 P 51480 66
1289 P 51520 2481
1290 P 51560 85
1291 P 51600 242
1292 P 51640 82
1293 P 51680 623
1294 P 51720 80
1295 P 51760 431
1296 P 51800 329
1297 I 51840 16197
1298 P 51880 113
1299 P 51920 262
1300 P 51960 53
1301 P 52000 379
1302 P 52040 45
1303 P 52080 142
1304 P 52120 46
1305 P 52160 3759
1306 P 52200 38
1307 P 52240 189
1308 P 52280 27
1309 P 52320 36
1310 P 52360 23
1311 P 52400 27
1312 P 52440 23
1313 P 52480 475
1314 P 52520 27
1315 P 52560 62
1316 P 52600 37
1317 P 52640 213
1318 P 52680 39
1319 P 52720 97
1320 P 52760 42
1321 I 52800 1252
1322 P 52840 45
1323 P 52880 90
1324 P 52920 44
1325 P 52960 98
1326 P 53000 45
1327 P 53040 74
1328 P 53080 34
1329 P 53120 898
1330 P 53160 43
1331 P 53200 55
1332 P 53240 50
1333 P 53280 60
1334 P 53320 40
1335 P 53360 88
1336 P 53400 29
1337 P 53440 938
1338 P 53480 31
1339 P 53520 89
1340 P 53560 38
1341 P 53600 94
1342 P 53640 28
1343 P 53680 61
1344 P 53720 42
1345 I 53760 1575
1346 P 53800 31
1347 P 53840 74
1348 P 53880 37
1349 P 53920 63
1350 P 53960 37
1351 P 54000 70
1352 P 54040 33
1353 P 54080 911
1354 P 54120 31
1355 P 54160 71
1356 P 54200 36
1357 P 54240 69
1358 P 54280 40
1359 P 54320 69
1360 P 54360 24
1361 P 54400 992
1362 P 54440 29
1363 P 54480 68
1364 P 54520 33
1365 P 54560 95
1366 P 54600 30
1367 P 54640 72
1368 P 54680 28
1369 I 54720 1758
1370 P 54760 23
1371 P 54800 69
1372 P 54840 30
1373 P 54880 72
1374 P 54920 31
1375 P 54960 67
1376 P 55000 36
1377 P 55040 790
1378 P 55080 28
1379 P 55120 92
1380 P 55160 29
1381 P 55200 107
1382 P 55240 30
1383 P 55280 67
1384 P 55320 30
1385 P 55360 636
1386 P 55400 29
1387 P 55440 86
1388 P 55480 25
1389 P 55520 103
1390 P 55560 30
1391 P 55600 87
1392 P 55640 31
1393 I 55680 1904
1394 P 55720 30
1395 P 55760 89
1396 P 55800 34
1397 P 55840 106
1398 P 55880 26
1399 P 55920 96
1400 P 55960 37
1401 P 56000 628
1402 P 56040 23
1403 P 56080 103
1404 P 56120 31
1405 P 56160 84
1406 P 56200 33
1407 P 56240 90
1408 P 56280 23
1409 P 56320 535
1410 P 56360 30
1411 P 56400 90
1412 P 56440 23
1413 P 56480 99
1414 P 56520 34
1415 P 56560 71
1416 P 56600 30
1417 I 56640 1910
1418 P 56680 27
1419 P 56720 70
1420 P 56760 24
1421 P 56800 103
1422 P 56840 25
1423 P 56880 75
1424 P 56920 23
1425 P 56960 552
1426 P 57000 26
1427 P 57040 91
1428 P 57080 23
1429 P 57120 102
1430 P 57160 25
1431 P 57200 78
1432 P 57240 26
1433 P 57280 555
1434 P 57320 28
1435 P 57360 64
1436 P 57400 25
1437 P 57440 145
1438 P 57480 33
1439 P 57520 219
1440 P 57560 50
1441 I 57600 19437
1442 P 57640 50
1443 P 57680 90
1444 P 57720 51
1445 P 57760 196
1446 P 57800 51
1447 P 57840 100
1448 P 57880 50
1449 P 57920 2117
1450 P 57960 50
1451 P 58000 106
1452 P 58040 49
1453 P 58080 220
1454 P 58120 48
1455 P 58160 106
1456 P 58200 50
1457 P 58240 2300
1458 P 58280 52
1459 P 58320 129
1460 P 58360 50
1461 P 58400 280
1462 P 58440 49
1463 P 58480 112
1464 P 58520 52
1465 I 58560 19247
1466 P 58600 55
1467 P 58640 99
1468 P 58680 51
1469 P 58720 163
1470 P 58760 49
1471 P 58800 98
1472 P 58840 49
1473 P 58880 2058
1474 P 58920 49
1475 P 58960 91
1476 P 59000 50
1477 P 59040 166
1478 P 59080 50
1479 P 59120 92
1480 P 59160 50
1481 P 59200 2213
1482 P 59240 55
1483 P 59280 113
1484 P 59320 56
1485 P 59360 296
1486 P 59400 56
1487 P 59440 132
1488 P 59480 55
1489 I 59520 18847
1490 P 59560 51
1491 P 59600 92
1492 P 59640 46
1493 P 59680 171
1494 P 59720 48
1495 P 59760 99
1496 P 59800 51
1497 P 59840 1892
1498 P 59880 48
1499 P 59920 123
1500 P 59960 54
1501 P 60000 186
1502 P 60040 48
1503 P 60080 113
1504 P 60120 52
1505 P 60160 2243
1506 P 60200 54
1507 P 60240 102
1508 P 60280 52
1509 P 60320 313
1510 P 60360 49
1511 P 60400 120
1512 P 60440 59
1513 I 60480 18320
1514 P 60520 46
1515 P 60560 108
1516 P 60600 48
1517 P 60640 175
1518 P 60680 45
1519 P 60720 95
1520 P 60760 44
1521 P 60800 1917
1522 P 60840 47
1523 P 60880 97
1524 P 60920 52
1525 P 60960 174
1526 P 61000 47
1527 P 61040 97
1528 P 61080 53
1529 P 61120 2184
1530 P 61160 60
1531 P 61200 124
1532 P 61240 58
1533 P 61280 290
1534 P 61320 54
1535 P 61360 117
1536 P 61400 55
1537 I 61440 17995
1538 P 61480 91
1539 P 61520 1891
1540 P 61560 450
1541 P 61600 2932
1542 P 61640 464
1543 P 61680 1375
1544 P 61720 476
1545 P 61760 14965
1546 P 61800 568
1547 P 61840 1585
1548 P 61880 605
1549 P 61920 2568
1550 P 61960 581
1551 P 62000 1507
1552 P 62040 541
1553 P 62080 9171
1554 P 62120 551
1555 P 62160 1567
1556 P 62200 638
1557 P 62240 3005
1558 P 62280 654
1559 P 62320 1648
1560 P 62360 622
1561 I 62400 19383
1562 P 62440 653
1563 P 62480 1799
1564 P 62520 745
1565 P 62560 3250
1566 P 62600 713
1567 P 62640 1940
1568 P 62680 727
1569 P 62720 9718
1570 P 62760 705
1571 P 62800 1579
1572 P 62840 627
1573 P 62880 2584
1574 P 62920 616
1575 P 62960 1462
1576 P 63000 535
1577 P 63040 9535
1578 P 63080 511
1579 P 63120 1406
1580 P 63160 552
1581 P 63200 2637
1582 P 63240 512
1583 P 63280 1498
1584 P 63320 642
1585 I 63360 19625
1586 P 63400 546
1587 P 63440 1505
1588 P 63480 567
1589 P 63520 2706
1590 P 63560 572
1591 P 63600 1602
1592 P 63640 583
1593 P 63680 9797
1594 P 63720 604
1595 P 63760 1636
1596 P 63800 569
1597 P 63840 2655
1598 P 63880 575
1599 P 63920 1582
1600 P 63960 555
1601 P 64000 9503
1602 P 64040 478
1603 P 64080 1305
1604 P 64120 494
1605 P 64160 2410
1606 P 64200 555
1607 P 64240 1354
1608 P 64280 477
1609 I 64320 21152
1610 P 64360 502
1611 P 64400 1417
1612 P 64440 373
1613 P 64480 2060
1614 P 64520 423
1615 P 64560 1059
1616 P 64600 368
1617 P 64640 9090
1618 P 64680 373
1619 P 64720 1109
1620 P 64760 371
1621 P 64800 1955
1622 P 64840 363
1623 P 64880 1092
1624 P 64920 379
1625 P 64960 9510
1626 P 65000 355
1627 P 65040 1057
1628 P 65080 353
1629 P 65120 2177
1630 P 65160 402
1631 P 65200 984
1632 P 65240 391
1633 I 65280 24188
1634 P 65320 387
1635 P 65360 1019
1636 P 65400 413
1637 P 65440 2232
1638 P 65480 397
1639 P 65520 1119
1640 P 65560 432
1641 P 65600 10568
1642 P 65640 404
1643 P 65680 1180
1644 P 65720 441
1645 P 65760 2442
1646 P 65800 440
1647 P 65840 1430
1648 P 65880 526
1649 P 65920 11566
1650 P 65960 578
1651 P 66000 1549
1652 P 66040 506
1653 P 66080 3021
1654 P 66120 479
1655 P 66160 1463
1656 P 66200 450
1657 I 66240 28737
1658 P 66280 457
1659 P 66320 1446
1660 P 66360 502
1661 P 66400 2351
1662 P 66440 481
1663 P 66480 1418
1664 P 66520 469
1665 P 66560 11388
1666 P 66600 171
1667 P 66640 497
1668 P 66680 60
1669 P 66720 806
1670 P 66760 79
1671 P 66800 237
1672 P 66840 59
1673 P 66880 20940
1674 P 66920 107
1675 P 66960 254
1676 P 67000 86
1677 P 67040 442
1678 P 67080 85
1679 P 67120 222
1680 P 67160 85
1681 I 67200 24711
1682 P 67240 77
1683 P 67280 217
1684 P 67320 67
1685 P 67360 458
1686 P 67400 53
1687 P 67440 200
1688 P 67480 49
1689 P 67520 3959
1690 P 67560 90
1691 P 67600 217
1692 P 67640 56
1693 P 67680 414
1694 P 67720 64
1695 P 67760 200
1696 P 67800 56
1697 P 67840 4432
1698 P 67880 83
1699 P 67920 230
1700 P 67960 78
1701 P 68000 468
1702 P 68040 59
1703 P 68080 223
1704 P 68120 47
1705 I 68160 21411
1706 P 68200 78
1707 P 68240 216
1708 P 68280 64
1709 P 68320 366
1710 P 68360 55
1711 P 68400 166
1712 P 68440 53
1713 P 68480 3235
1714 P 68520 98
1715 P 68560 159
1716 P 68600 63
1717 P 68640 383
1718 P 68680 49
1719 P 68720 177
1720 P 68760 57
1721 P 68800 3494
1722 P 68840 81
1723 P 68880 171
1724 P 68920 62
1725 P 68960 377
1726 P 69000 62
1727 P 69040 242
1728 P 69080 67
1729 I 69120 18604
1730 P 69160 55
1731 P 69200 302
1732 P 69240 78
1733 P 69280 604
1734 P 69320 44
1735 P 69360 142
1736 P 69400 42
1737 P 69440 15084
1738 P 69480 41
1739 P 69520 147
1740 P 69560 25
1741 P 69600 294
1742 P 69640 35
1743 P 69680 124
1744 P 69720 48
1745 P 69760 2391
1746 P 69800 71
1747 P 69840 196
1748 P 69880 60
1749 P 69920 255
1750 P 69960 42
1751 P 70000 151
1752 P 70040 57
1753 I 70080 17913
1754 P 70120 72
1755 P 70160 135
1756 P 70200 35
1757 P 70240 353
1758 P 70280 64
1759 P 70320 181
1760 P 70360 63
1761 P 70400 2925
1762 P 70440 52
1763 P 70480 186
1764 P 70520 50
1765 P 70560 635
1766 P 70600 76
1767 P 70640 185
1768 P 70680 64
1769 P 70720 2774
1770 P 70760 101
1771 P 70800 272
1772 P 70840 61
1773 P 70880 356
1774 P 70920 43
1775 P 70960 196
1776 P 71000 62
1777 I 71040 17757
1778 P 71080 46
1779 P 71120 448
1780 P 71160 52
1781 P 71200 562
1782 P 71240 48
1783 P 71280 260
1784 P 71320 80
1785 P 71360 3330
1786 P 71400 78
1787 P 71440 305
1788 P 71480 85
1789 P 71520 827
1790 P 71560 96
1791 P 71600 311
1792 P 71640 82
1793 P 71680 4078
1794 P 71720 106
1795 P 71760 389
1796 P 71800 172
1797 P 71840 1469
1798 P 71880 158
1799 P 71920 480
1800 P 71960 141
1801 I 72000 9232
1802 P 72040 163
1803 P 72080 422
1804 P 72120 125
1805 P 72160 928
1806 P 72200 123
1807 P 72240 462
1808 P 72280 112
1809 P 72320 4520
1810 P 72360 160
1811 P 72400 531
1812 P 72440 134
1813 P 72480 1230
1814 P 72520 113
1815 P 72560 658
1816 P 72600 138
1817 P 72640 4221
1818 P 72680 160
1819 P 72720 907
1820 P 72760 171
1821 P 72800 1512
1822 P 72840 169
1823 P 72880 835
1824 P 72920 192
1825 I 72960 6613
1826 P 73000 188
1827 P 73040 935
1828 P 73080 220
1829 P 73120 2739
1830 P 73160 253
1831 P 73200 1209
1832 P 73240 284
1833 P 73280 6302
1834 P 73320 284
1835 P 73360 1338
1836 P 73400 278
1837 P 73440 3449
1838 P 73480 325
1839 P 73520 1144
1840 P 73560 244
1841 P 73600 7578
1842 P 73640 304
1843 P 73680 991
1844 P 73720 224
1845 P 73760 2538
1846 P 73800 240
1847 P 73840 782
1848 P 73880 174
1849 I 73920 13079
1850 P 73960 118
1851 P 74000 625
1852 P 74040 105
1853 P 74080 1497
1854 P 74120 105
1855 P 74160 339
1856 P 74200 104
1857 P 74240 14519
1858 P 74280 130
1859 P 74320 363
1860 P 74360 92
1861 P 74400 595
1862 P 74440 94
1863 P 74480 287
1864 P 74520 102
1865 P 74560 5643
1866 P 74600 82
1867 P 74640 254
1868 P 74680 89
1869 P 74720 759
1870 P 74760 111
1871 P 74800 410
1872 P 74840 150
1873 I 74880 19146
1874 P 74920 335
1875 P 74960 1328
1876 P 75000 556
1877 P 75040 3491
1878 P 75080 598
1879 P 75120 1957
1880 P 75160 527
1881 P 75200 12311
1882 P 75240 540
1883 P 75280 1348
1884 P 75320 379
1885 P 75360 1681
1886 P 75400 143
1887 P 75440 433
1888 P 75480 87
1889 P 75520 8773
1890 P 75560 83
1891 P 75600 453
1892 P 75640 100
1893 P 75680 998
1894 P 75720 87
1895 P 75760 427
1896 P 75800 112
1897 I 75840 15484
1898 P 75880 130
1899 P 75920 504
1900 P 75960 99
1901 P 76000 936
1902 P 76040 114
1903 P 76080 364
1904 P 76120 85
1905 P 76160 8018
1906 P 76200 107
1907 P 76240 336
1908 P 76280 98
1909 P 76320 865
1910 P 76360 97
1911 P 76400 367
1912 P 76440 120
1913 P 76480 7444
1914 P 76520 170
1915 P 76560 493
1916 P 76600 103
1917 P 76640 1004
1918 P 76680 115
1919 P 76720 394
1920 P 76760 132
1921 I 76800 17831
1922 P 76840 134
1923 P 76880 502
1924 P 76920 107
1925 P 76960 842
1926 P 77000 100
1927 P 77040 360
1928 P 77080 96
1929 P 77120 5643
1930 P 77160 112
1931 P 77200 505
1932 P 77240 165
1933 P 77280 1664
1934 P 77320 431
1935 P 77360 1930
1936 P 77400 730
1937 P 77440 10755
1938 P 77480 1020
1939 P 77520 3626
1940 P 77560 1031
1941 P 77600 6822
1942 P 77640 1213
1943 P 77680 3487
1944 P 77720 1019
1945 I 77760 14964
1946 P 77800 706
1947 P 77840 799
1948 P 77880 115
1949 P 77920 786
1950 P 77960 59
1951 P 78000 186
1952 P 78040 49
1953 P 78080 7264
1954 P 78120 47
1955 P 78160 195
1956 P 78200 59
1957 P 78240 371
1958 P 78280 67
1959 P 78320 177
1960 P 78360 51
1961 P 78400 3605
1962 P 78440 48
1963 P 78480 174
1964 P 78520 66
1965 P 78560 381
1966 P 78600 47
1967 P 78640 201
1968 P 78680 69
1969 I 78720 14332
1970 P 78760 63
1971 P 78800 196
1972 P 78840 46
1973 P 78880 280
1974 P 78920 61
1975 P 78960 148
1976 P 79000 61
1977 P 79040 3083
1978 P 79080 92
1979 P 79120 510
1980 P 79160 79
1981 P 79200 530
1982 P 79240 80
1983 P 79280 162
1984 P 79320 43
1985 P 79360 9116
1986 P 79400 55
1987 P 79440 149
1988 P 79480 59
1989 P 79520 337
1990 P 79560 48
1991 P 79600 201
1992 P 79640 59
1993 I 79680 10276
1994 P 79720 73
1995 P 79760 207
1996 P 79800 60
1997 P 79840 335
1998 P 79880 85
1999 P 79920 199
2000 P 79960 70
2001 P 80000 2096
2002 P 80040 50
2003 P 80080 164
2004 P 80120 64
2005 P 80160 323
2006 P 80200 69
2007 P 80240 181
2008 P 80280 62
2009 P 80320 2057
2010 P 80360 73
2011 P 80400 179
2012 P 80440 50
2013 P 80480 291
2014 P 80520 56
2015 P 80560 147
2016 P 80600 57
2017 I 80640 10116
2018 P 80680 48
2019 P 80720 157
2020 P 80760 68
2021 P 80800 981
2022 P 80840 68
2023 P 80880 505
2024 P 80920 111
2025 P 80960 9364
2026 P 81000 145
2027 P 81040 1863
2028 P 81080 142
2029 P 81120 1081
2030 P 81160 41
2031 P 81200 253
2032 P 81240 89
2033 P 81280 8695
2034 P 81320 102
2035 P 81360 381
2036 P 81400 102
2037 P 81440 297
2038 P 81480 81
2039 P 81520 247
2040 P 81560 70
2041 I 81600 12407
2042 P 81640 61
2043 P 81680 148
2044 P 81720 50
2045 P 81760 201
2046 P 81800 31
2047 P 81840 95
2048 P 81880 35
2049 P 81920 1003
2050 P 81960 54
2051 P 82000 395
2052 P 82040 43
2053 P 82080 647
2054 P 82120 68
2055 P 82160 154
2056 P 82200 79
2057 P 82240 12120
2058 P 82280 62
2059 P 82320 146
2060 P 82360 61
2061 P 82400 473
2062 P 82440 69
2063 P 82480 265
2064 P 82520 88
2065 I 82560 12523
2066 P 82600 63
2067 P 82640 137
2068 P 82680 58
2069 P 82720 276
2070 P 82760 53
2071 P 82800 110
2072 P 82840 58
2073 P 82880 2594
2074 P 82920 58
2075 P 82960 167
2076 P 83000 65
2077 P 83040 277
2078 P 83080 53
2079 P 83120 125
2080 P 83160 54
2081 P 83200 3027
2082 P 83240 64
2083 P 83280 177
2084 P 83320 47
2085 P 83360 366
2086 P 83400 53
2087 P 83440 159
2088 P 83480 67
2089 I 83520 12182
2090 P 83560 52
2091 P 83600 191
2092 P 83640 47
2093 P 83680 240
2094 P 83720 56
2095 P 83760 164
2096 P 83800 44
2097 P 83840 2637
2098 P 83880 40
2099 P 83920 120
2100 P 83960 59
2101 P 84000 271
2102 P 84040 43
2103 P 84080 133
2104 P 84120 40
2105 P 84160 2805
2106 P 84200 42
2107 P 84240 171
2108 P 84280 48
2109 P 84320 295
2110 P 84360 51
2111 P 84400 164
2112 P 84440 57
2113 I 84480 11766
2114 P 84520 57
2115 P 84560 150
2116 P 84600 55
2117 P 84640 553
2118 P 84680 514
2119 P 84720 1181
2120 P 84760 323
2121 P 84800 19611
2122 P 84840 415
2123 P 84880 1094
2124 P 84920 440
2125 P 84960 1789
2126 P 85000 328
2127 P 85040 1060
2128 P 85080 348
2129 P 85120 7377
2130 P 85160 446
2131 P 85200 1375
2132 P 85240 587
2133 P 85280 1957
2134 P 85320 518
2135 P 85360 1086
2136 P 85400 395
2137 I 85440 22148
2138 P 85480 285
2139 P 85520 787
2140 P 85560 246
2141 P 85600 983
2142 P 85640 139
2143 P 85680 445
2144 P 85720 132
2145 P 85760 4506
2146 P 85800 138
2147 P 85840 291
2148 P 85880 81
2149 P 85920 987
2150 P 85960 79
2151 P 86000 533
2152 P 86040 402
2153 P 86080 4954
2154 P 86120 629
2155 P 86160 1398
2156 P 86200 515
2157 P 86240 2111
2158 P 86280 480
2159 P 86320 1410
2160 P 86360 356
2161 I 86400 23159
2162 P 86440 195
2163 P 86480 796
2164 P 86520 255
2165 P 86560 1641
2166 P 86600 438
2167 P 86640 1142
2168 P 86680 587
2169 P 86720 6085
2170 P 86760 607
2171 P 86800 1116
2172 P 86840 452
2173 P 86880 1243
2174 P 86920 396
2175 P 86960 739
2176 P 87000 289
2177 P 87040 5991
2178 P 87080 165
2179 P 87120 671
2180 P 87160 187
2181 P 87200 1145
2182 P 87240 220
2183 P 87280 578
2184 P 87320 180
2185 I 87360 21872
2186 P 87400 146
2187 P 87440 397
2188 P 87480 167
2189 P 87520 714
2190 P 87560 126
2191 P 87600 309
2192 P 87640 96
2193 P 87680 5176
2194 P 87720 128
2195 P 87760 262
2196 P 87800 132
2197 P 87840 707
2198 P 87880 171
2199 P 87920 481
2200 P 87960 173
2201 P 88000 4550
2202 P 88040 165
2203 P 88080 677
2204 P 88120 128
2205 P 88160 1270
2206 P 88200 123
2207 P 88240 621
2208 P 88280 139
2209 I 88320 22367
2210 P 88360 152
2211 P 88400 477
2212 P 88440 146
2213 P 88480 1016
2214 P 88520 140
2215 P 88560 514
2216 P 88600 158
2217 P 88640 4489
2218 P 88680 257
2219 P 88720 428
2220 P 88760 59
2221 P 88800 659
2222 P 88840 48
2223 P 88880 138
2224 P 88920 51
2225 P 88960 10982
2226 P 89000 69
2227 P 89040 176
2228 P 89080 50
2229 P 89120 359
2230 P 89160 53
2231 P 89200 155
2232 P 89240 64
2233 I 89280 12766
2234 P 89320 55
2235 P 89360 191
2236 P 89400 47
2237 P 89440 276
2238 P 89480 51
2239 P 89520 179
2240 P 89560 52
2241 P 89600 2845
2242 P 89640 44
2243 P 89680 132
2244 P 89720 55
2245 P 89760 294
2246 P 89800 46
2247 P 89840 135
2248 P 89880 47
2249 P 89920 2941
2250 P 89960 49
2251 P 90000 178
2252 P 90040 49
2253 P 90080 333
2254 P 90120 71
2255 P 90160 157
2256 P 90200 58
2257 I 90240 12310
2258 P 90280 56
2259 P 90320 171
2260 P 90360 61
2261 P 90400 299
2262 P 90440 46
2263 P 90480 168
2264 P 90520 39
2265 P 90560 2594
2266 P 90600 39
2267 P 90640 113
2268 P 90680 40
2269 P 90720 294
2270 P 90760 45
2271 P 90800 116
2272 P 90840 40
2273 P 90880 2980
2274 P 90920 46
2275 P 90960 116
2276 P 91000 50
2277 P 91040 330
2278 P 91080 53
2279 P 91120 125
2280 P 91160 44
2281 I 91200 12049
2282 P 91240 53
2283 P 91280 122
2284 P 91320 41
2285 P 91360 291
2286 P 91400 53
2287 P 91440 141
2288 P 91480 60
2289 P 91520 2844
2290 P 91560 75
2291 P 91600 191
2292 P 91640 79
2293 P 91680 570
2294 P 91720 90
2295 P 91760 263
2296 P 91800 95
2297 P 91840 3839
2298 P 91880 121
2299 P 91920 340
2300 P 91960 93
2301 P 92000 1086
2302 P 92040 159
2303 P 92080 649
2304 P 92120 264
2305 I 92160 12729
2306 P 92200 499
2307 P 92240 2080
2308 P 92280 630
2309 P 92320 4530
2310 P 92360 573
2311 P 92400 2523
2312 P 92440 574
2313 P 92480 11868
2314 P 92520 557
2315 P 92560 1625
2316 P 92600 326
2317 P 92640 2134
2318 P 92680 202
2319 P 92720 753
2320 P 92760 143
2321 P 92800 9256
2322 P 92840 191
2323 P 92880 635
2324 P 92920 142
2325 P 92960 1270
2326 P 93000 175
2327 P 93040 534
2328 P 93080 166
2329 I 93120 15482
2330 P 93160 176
2331 P 93200 563
2332 P 93240 175
2333 P 93280 1252
2334 P 93320 156
2335 P 93360 712
2336 P 93400 176
2337 P 93440 5409
2338 P 93480 203
2339 P 93520 746
2340 P 93560 181
2341 P 93600 1372
2342 P 93640 184
2343 P 93680 646
2344 P 93720 155
2345 P 93760 5897
2346 P 93800 178
2347 P 93840 872
2348 P 93880 229
2349 P 93920 1857
2350 P 93960 281
2351 P 94000 985
2352 P 94040 284
2353 I 94080 14436
2354 P 94120 309
2355 P 94160 1119
2356 P 94200 406
2357 P 94240 1930
2358 P 94280 392
2359 P 94320 1222
2360 P 94360 403
2361 P 94400 5919
2362 P 94440 353
2363 P 94480 1186
2364 P 94520 316
2365 P 94560 2170
2366 P 94600 360
2367 P 94640 1175
2368 P 94680 419
2369 P 94720 6210
2370 P 94760 306
2371 P 94800 1047
2372 P 94840 255
2373 P 94880 2059
2374 P 94920 229
2375 P 94960 1078
2376 P 95000 277
2377 I 95040 13995
2378 P 95080 300
2379 P 95120 1182
2380 P 95160 300
2381 P 95200 2184
2382 P 95240 306
2383 P 95280 1067
2384 P 95320 258
2385 P 95360 8488
2386 P 95400 268
2387 P 95440 1015
2388 P 95480 316
2389 P 95520 2130
2390 P 95560 321
2391 P 95600 1065
2392 P 95640 279
2393 P 95680 7542
2394 P 95720 233
2395 P 95760 1062
2396 P 95800 271
2397 P 95840 2501
2398 P 95880 310
2399 P 95920 1245
2400 P 95960 308
2401 I 96000 13184
2402 P 96040 246
2403 P 96080 837
2404 P 96120 266
2405 P 96160 1634
2406 P 96200 265
2407 P 96240 797
2408 P 96280 230
2409 P 96320 6637
2410 P 96360 160
2411 P 96400 597
2412 P 96440 155
2413 P 96480 1414
2414 P 96520 184
2415 P 96560 647
2416 P 96600 147
2417 P 96640 6550
2418 P 96680 157
2419 P 96720 523
2420 P 96760 95
2421 P 96800 1471
2422 P 96840 122
2423 P 96880 625
2424 P 96920 237
2425 I 96960 12915
2426 P 97000 206
2427 P 97040 726
2428 P 97080 189
2429 P 97120 1651
2430 P 97160 214
2431 P 97200 822
2432 P 97240 161
2433 P 97280 6255
2434 P 97320 199
2435 P 97360 715
2436 P 97400 210
2437 P 97440 1670
2438 P 97480 208
2439 P 97520 763
2440 P 97560 208
2441 P 97600 6507
2442 P 97640 196
2443 P 97680 624
2444 P 97720 146
2445 P 97760 1308
2446 P 97800 125
2447 P 97840 528
2448 P 97880 144
2449 I 97920 12381
2450 P 97960 120
2451 P 98000 473
2452 P 98040 100
2453 P 98080 891
2454 P 98120 95
2455 P 98160 338
2456 P 98200 104
2457 P 98240 5895
2458 P 98280 106
2459 P 98320 447
2460 P 98360 110
2461 P 98400 1041
2462 P 98440 147
2463 P 98480 615
2464 P 98520 143
2465 P 98560 5255
2466 P 98600 222
2467 P 98640 596
2468 P 98680 158
2469 P 98720 1178
2470 P 98760 146
2471 P 98800 446
2472 P 98840 128
2473 I 98880 13784
2474 P 98920 112
2475 P 98960 432
2476 P 99000 121
2477 P 99040 857
2478 P 99080 125
2479 P 99120 351
2480 P 99160 120
2481 P 99200 4812
2482 P 99240 132
2483 P 99280 422
2484 P 99320 121
2485 P 99360 1020
2486 P 99400 110
2487 P 99440 462
2488 P 99480 139
2489 P 99520 5320
2490 P 99560 138
2491 P 99600 478
2492 P 99640 129
2493 P 99680 999
2494 P 99720 154
2495 P 99760 443
2496 P 99800 106
2497 I 99840 14346
2498 P 99880 116
2499 P 99920 396
2500 P 99960 82
2501 P 100000 783
