1 I 0 32001
2 P 40 6392
3 P 80 7671
4 P 120 6470
5 P 160 8745
6 P 200 7326
7 P 240 6917
8 P 280 7050
9 P 320 7930
10 P 360 7597
11 P 400 6819
12 P 440 7104
13 P 480 7551
14 P 520 8225
15 P 560 8077
16 P 600 7546
17 P 640 6936
18 P 680 9339
19 P 720 9061
20 P 760 7582
21 P 800 8961
22 P 840 7835
23 P 880 5626
24 P 920 7709
25 I 960 28324
26 P 1000 10878
27 P 1040 8000
28 P 1080 9792
29 P 1120 10268
30 P 1160 12270
31 P 1200 11930
32 P 1240 10008
33 P 1280 12108
34 P 1320 10078
35 P 1360 14643
36 P 1400 11071
37 P 1440 11710
38 P 1480 14070
39 P 1520 9930
40 P 1560 11481
41 P 1600 13366
42 P 1640 10257
43 P 1680 8580
44 P 1720 10990
45 P 1760 10370
46 P 1800 11872
47 P 1840 10811
48 P 1880 12462
49 I 1920 25470
50 P 1960 11739
51 P 2000 12461
52 P 2040 10696
53 P 2080 11851
54 P 2120 9903
55 P 2160 11833
56 P 2200 11475
57 P 2240 10305
58 P 2280 13051
59 P 2320 10728
60 P 2360 10972
61 P 2400 10740
62 P 2440 11584
63 P 2480 14009
64 P 2520 10740
65 P 2560 9438
66 P 2600 10037
67 P 2640 9669
68 P 2680 9925
69 P 2720 9949
70 P 2760 9163
71 P 2800 9995
72 P 2840 11300
73 I 2880 23274
74 P 2920 11409
75 P 2960 9188
76 P 3000 11490
77 P 3040 9615
78 P 3080 13382
79 P 3120 14395
80 P 3160 10947
81 P 3200 10127
82 P 3240 10648
83 P 3280 10371
84 P 3320 30824
85 P 3360 7878
86 P 3400 7863
87 P 3440 10100
88 P 3480 5562
89 P 3520 8246
90 P 3560 8779
91 P 3600 10316
92 P 3640 9549
93 P 3680 7469
94 P 3720 8529
95 P 3760 7642
96 P 3800 10970
97 I 3840 29836
98 P 3880 9663
99 P 3920 9369
100 P 3960 9628
101 P 4000 13862
102 P 4040 10488
103 P 4080 11140
104 P 4120 10411
105 P 4160 13258
106 P 4200 9994
107 P 4240 11622
108 P 4280 9237
109 P 4320 11053
110 P 4360 11484
111 P 4400 13202
112 P 4440 10967
113 P 4480 10976
114 P 4520 11417
115 P 4560 11928
116 P 4600 9883
117 P 4640 10612
118 P 4680 11245
119 P 4720 10461
120 P 4760 10080
121 I 4800 24170
122 P 4840 9213
123 P 4880 10212
124 P 4920 10038
125 P 4960 10415
126 P 5000 10293
127 P 5040 11741
128 P 5080 9878
129 P 5120 10308
130 P 5160 9704
131 P 5200 9877
132 P 5240 8571
133 P 5280 10675
134 P 5320 8927
135 P 5360 9602
136 P 5400 9577
137 P 5440 10609
138 P 5480 9408
139 P 5520 9931
140 P 5560 9443
141 P 5600 9375
142 P 5640 8813
143 P 5680 10174
144 P 5720 9126
145 I 5760 20413
146 P 5800 7479
147 P 5840 8792
148 P 5880 8857
149 P 5920 7744
150 P 5960 8227
151 P 6000 8257
152 P 6040 8069
153 P 6080 8512
154 P 6120 8018
155 P 6160 7365
156 P 6200 6131
157 P 6240 5526
158 P 6280 6461
159 P 6320 6524
160 P 6360 6196
161 P 6400 5204
162 P 6440 5902
163 P 6480 6072
164 P 6520 5950
165 P 6560 6207
166 P 6600 5660
167 P 6640 5819
168 P 6680 5595
169 I 6720 8462
170 P 6760 4966
171 P 6800 4456
172 P 6840 5360
173 P 6880 5276
174 P 6920 4877
175 P 6960 5192
176 P 7000 4649
177 P 7040 4424
178 P 7080 4951
179 P 7120 4686
180 P 7160 4396
181 P 7200 4620
182 P 7240 4220
183 P 7280 4347
184 P 7320 4204
185 P 7360 4538
186 P 7400 3707
187 P 7440 3934
188 P 7480 3675
189 P 7520 4440
190 P 7560 4032
191 P 7600 4114
192 P 7640 3524
193 I 7680 7167
194 P 7720 3739
195 P 7760 3335
196 P 7800 3885
197 P 7840 4421
198 P 7880 4134
199 P 7920 5458
200 P 7960 4537
201 P 8000 3831
202 P 8040 4200
203 P 8080 25588
204 P 8120 5795
205 P 8160 1271
206 P 8200 1410
207 P 8240 1092
208 P 8280 1325
209 P 8320 1321
210 P 8360 1307
211 P 8400 897
212 P 8440 1408
213 P 8480 1261
214 P 8520 1243
215 P 8560 1452
216 P 8600 1395
217 I 8640 22945
218 P 8680 6204
219 P 8720 1150
220 P 8760 761
221 P 8800 953
222 P 8840 1682
223 P 8880 1212
224 P 8920 1250
225 P 8960 1520
226 P 9000 1588
227 P 9040 1747
228 P 9080 1688
229 P 9120 1345
230 P 9160 1329
231 P 9200 1448
232 P 9240 1084
233 P 9280 1734
234 P 9320 2621
235 P 9360 1799
236 P 9400 1870
237 P 9440 1605
238 P 9480 1950
239 P 9520 1705
240 P 9560 2098
241 I 9600 27563
242 P 9640 1339
243 P 9680 1582
244 P 9720 1078
245 P 9760 1371
246 P 9800 1046
247 P 9840 1745
248 P 9880 1899
249 P 9920 1478
250 P 9960 2063
251 P 10000 1621
252 P 10040 1887
253 P 10080 1477
254 P 10120 1754
255 P 10160 1395
256 P 10200 2561
257 P 10240 1604
258 P 10280 2411
259 P 10320 1250
260 P 10360 2510
261 P 10400 1966
262 P 10440 1492
263 P 10480 1784
264 P 10520 1660
265 I 10560 27335
266 P 10600 840
267 P 10640 1937
268 P 10680 836
269 P 10720 1932
270 P 10760 1586
271 P 10800 2313
272 P 10840 1413
273 P 10880 1950
274 P 10920 2311
275 P 10960 1534
276 P 11000 972
277 P 11040 2546
278 P 11080 1087
279 P 11120 2233
280 P 11160 2370
281 P 11200 1946
282 P 11240 1403
283 P 11280 2404
284 P 11320 2278
285 P 11360 2755
286 P 11400 2233
287 P 11440 1421
288 P 11480 1562
289 I 11520 27318
290 P 11560 1249
291 P 11600 1680
292 P 11640 1896
293 P 11680 1891
294 P 11720 1140
295 P 11760 2111
296 P 11800 2304
297 P 11840 1492
298 P 11880 1180
299 P 11920 1716
300 P 11960 1392
301 P 12000 1698
302 P 12040 1540
303 P 12080 1767
304 P 12120 1949
305 P 12160 1950
306 P 12200 1580
307 P 12240 1867
308 P 12280 1928
309 P 12320 1819
310 P 12360 1775
311 P 12400 1757
312 P 12440 1986
313 I 12480 22302
314 P 12520 1012
315 P 12560 1165
316 P 12600 1185
317 P 12640 1225
318 P 12680 1424
319 P 12720 1213
320 P 12760 1291
321 P 12800 1338
322 P 12840 1429
323 P 12880 1779
324 P 12920 1916
325 P 12960 1631
326 P 13000 1359
327 P 13040 1678
328 P 13080 2140
329 P 13120 1188
330 P 13160 2086
331 P 13200 1533
332 P 13240 1807
333 P 13280 2079
334 P 13320 1853
335 P 13360 2066
336 P 13400 1261
337 I 13440 22039
338 P 13480 1073
339 P 13520 1130
340 P 13560 1287
341 P 13600 1317
342 P 13640 1375
343 P 13680 1297
344 P 13720 1799
345 P 13760 1506
346 P 13800 1905
347 P 13840 1629
348 P 13880 1651
349 P 13920 2288
350 P 13960 1792
351 P 14000 1825
352 P 14040 1800
353 P 14080 1702
354 P 14120 1870
355 P 14160 1909
356 P 14200 1947
357 P 14240 1540
358 P 14280 1865
359 P 14320 2078
360 P 14360 2123
361 I 14400 30607
362 P 14440 1299
363 P 14480 1679
364 P 14520 2319
365 P 14560 2642
366 P 14600 2563
367 P 14640 2269
368 P 14680 2290
369 P 14720 2152
370 P 14760 2798
371 P 14800 2771
372 P 14840 2618
373 P 14880 2549
374 P 14920 2680
375 P 14960 2648
376 P 15000 2627
377 P 15040 2610
378 P 15080 2364
379 P 15120 2455
380 P 15160 1709
381 P 15200 2398
382 P 15240 2180
383 P 15280 2369
384 P 15320 1623
385 I 15360 30459
386 P 15400 1595
387 P 15440 2328
388 P 15480 2265
389 P 15520 1523
390 P 15560 1885
391 P 15600 2163
392 P 15640 2127
393 P 15680 1990
394 P 15720 1827
395 P 15760 1837
396 P 15800 1755
397 P 15840 2121
398 P 15880 2245
399 P 15920 2410
400 P 15960 2710
401 P 16000 2995
402 P 16040 3569
403 P 16080 3342
404 P 16120 3147
405 P 16160 2707
406 P 16200 2223
407 P 16240 2420
408 P 16280 2411
409 I 16320 30381
410 P 16360 1422
411 P 16400 2399
412 P 16440 2432
413 P 16480 2936
414 P 16520 2822
415 P 16560 2744
416 P 16600 2189
417 P 16640 2268
418 P 16680 2545
419 P 16720 2338
420 P 16760 2561
421 P 16800 2844
422 P 16840 3045
423 P 16880 2807
424 P 16920 3438
425 P 16960 3481
426 P 17000 2908
427 P 17040 3158
428 P 17080 3178
429 P 17120 2618
430 P 17160 3047
431 P 17200 3040
432 P 17240 3292
433 I 17280 30876
434 P 17320 1800
435 P 17360 2096
436 P 17400 2413
437 P 17440 1921
438 P 17480 2399
439 P 17520 2259
440 P 17560 2692
441 P 17600 2050
442 P 17640 2198
443 P 17680 2648
444 P 17720 2768
445 P 17760 2436
446 P 17800 2491
447 P 17840 2742
448 P 17880 2653
449 P 17920 2903
450 P 17960 2840
451 P 18000 2836
452 P 18040 3107
453 P 18080 2754
454 P 18120 2504
455 P 18160 2556
456 P 18200 2814
457 I 18240 31368
458 P 18280 2172
459 P 18320 2770
460 P 18360 3065
461 P 18400 2725
462 P 18440 2817
463 P 18480 2611
464 P 18520 2455
465 P 18560 2451
466 P 18600 2262
467 P 18640 2270
468 P 18680 2522
469 P 18720 2896
470 P 18760 2707
471 P 18800 2955
472 P 18840 2917
473 P 18880 3232
474 P 18920 2838
475 P 18960 2490
476 P 19000 2495
477 P 19040 2659
478 P 19080 2813
479 P 19120 3017
480 P 19160 3528
481 I 19200 32376
482 P 19240 1273
483 P 19280 1914
484 P 19320 2406
485 P 19360 2373
486 P 19400 2551
487 P 19440 2926
488 P 19480 3515
489 P 19520 2847
490 P 19560 2937
491 P 19600 3357
492 P 19640 3436
493 P 19680 3789
494 P 19720 4384
495 P 19760 4165
496 P 19800 3843
497 P 19840 4347
498 P 19880 4614
499 P 19920 4134
500 P 19960 4039
501 P 20000 3970
502 P 20040 3403
503 P 20080 3418
504 P 20120 3912
505 I 20160 31840
506 P 20200 3199
507 P 20240 3793
508 P 20280 4059
509 P 20320 4392
510 P 20360 4601
511 P 20400 4594
512 P 20440 4103
513 P 20480 4536
514 P 20520 4230
515 P 20560 3854
516 P 20600 4170
517 P 20640 4640
518 P 20680 4619
519 P 20720 4384
520 P 20760 4100
521 P 20800 4203
522 P 20840 3699
523 P 20880 3786
524 P 20920 3692
525 P 20960 3823
526 P 21000 3509
527 P 21040 3402
528 P 21080 3002
529 I 21120 31120
530 P 21160 1971
531 P 21200 2620
532 P 21240 2712
533 P 21280 2683
534 P 21320 2817
535 P 21360 2911
536 P 21400 3157
537 P 21440 3513
538 P 21480 3519
539 P 21520 3411
540 P 21560 3319
541 P 21600 3459
542 P 21640 3482
543 P 21680 3387
544 P 21720 3563
545 P 21760 3982
546 P 21800 3433
547 P 21840 3942
548 P 21880 3468
549 P 21920 3325
550 P 21960 2946
551 P 22000 2755
552 P 22040 2917
553 I 22080 30451
554 P 22120 1577
555 P 22160 2307
556 P 22200 2116
557 P 22240 2255
558 P 22280 2374
559 P 22320 2594
560 P 22360 2668
561 P 22400 3057
562 P 22440 3165
563 P 22480 3248
564 P 22520 3101
565 P 22560 3181
566 P 22600 3452
567 P 22640 3748
568 P 22680 3760
569 P 22720 3628
570 P 22760 3879
571 P 22800 3839
572 P 22840 3763
573 P 22880 3627
574 P 22920 3540
575 P 22960 3820
576 P 23000 3729
577 I 23040 30211
578 P 23080 2256
579 P 23120 2860
580 P 23160 2898
581 P 23200 2899
582 P 23240 2827
583 P 23280 3000
584 P 23320 2621
585 P 23360 2392
586 P 23400 2412
587 P 23440 2498
588 P 23480 2088
589 P 23520 1390
590 P 23560 2093
591 P 23600 2191
592 P 23640 1850
593 P 23680 1744
594 P 23720 2088
595 P 23760 2285
596 P 23800 1658
597 P 23840 1535
598 P 23880 1773
599 P 23920 2518
600 P 23960 2477
601 I 24000 30686
602 P 24040 1557
603 P 24080 1731
604 P 24120 2002
605 P 24160 2127
606 P 24200 2120
607 P 24240 1867
608 P 24280 2032
609 P 24320 2234
610 P 24360 2239
611 P 24400 2140
612 P 24440 2030
613 P 24480 2254
614 P 24520 2165
615 P 24560 2308
616 P 24600 2332
617 P 24640 2428
618 P 24680 2466
619 P 24720 1872
620 P 24760 2180
621 P 24800 1652
622 P 24840 1311
623 P 24880 1343
624 P 24920 1804
625 I 24960 30759
626 P 25000 1547
627 P 25040 2025
628 P 25080 1439
629 P 25120 1742
630 P 25160 1323
631 P 25200 1696
632 P 25240 1475
633 P 25280 1490
634 P 25320 1950
635 P 25360 1275
636 P 25400 1314
637 P 25440 1197
638 P 25480 1270
639 P 25520 1584
640 P 25560 1921
641 P 25600 1379
642 P 25640 1242
643 P 25680 1689
644 P 25720 1589
645 P 25760 1448
646 P 25800 1355
647 P 25840 1767
648 P 25880 1548
649 I 25920 30983
650 P 25960 1184
651 P 26000 1448
652 P 26040 1329
653 P 26080 1490
654 P 26120 978
655 P 26160 981
656 P 26200 1487
657 P 26240 909
658 P 26280 982
659 P 26320 1113
660 P 26360 1156
661 P 26400 1657
662 P 26440 2139
663 P 26480 2535
664 P 26520 3519
665 P 26560 3883
666 P 26600 3153
667 P 26640 3773
668 P 26680 3736
669 P 26720 3593
670 P 26760 3447
671 P 26800 3255
672 P 26840 3585
673 I 26880 30461
674 P 26920 3352
675 P 26960 3110
676 P 27000 3320
677 P 27040 2737
678 P 27080 2923
679 P 27120 2095
680 P 27160 1685
681 P 27200 1554
682 P 27240 1983
683 P 27280 2134
684 P 27320 2467
685 P 27360 2880
686 P 27400 3221
687 P 27440 3096
688 P 27480 3998
689 P 27520 4139
690 P 27560 4586
691 P 27600 4128
692 P 27640 3606
693 P 27680 3425
694 P 27720 3073
695 P 27760 3226
696 P 27800 3524
697 I 27840 30527
698 P 27880 2775
699 P 27920 3499
700 P 27960 3982
701 P 28000 3784
702 P 28040 2929
703 P 28080 3205
704 P 28120 3182
705 P 28160 3087
706 P 28200 3629
707 P 28240 3196
708 P 28280 3206
709 P 28320 3256
710 P 28360 3547
711 P 28400 4057
712 P 28440 3799
713 P 28480 3385
714 P 28520 3719
715 P 28560 4105
716 P 28600 4129
717 P 28640 4495
718 P 28680 4661
719 P 28720 5075
720 P 28760 5238
721 I 28800 30299
722 P 28840 3751
723 P 28880 4485
724 P 28920 4668
725 P 28960 4483
726 P 29000 4480
727 P 29040 39972
728 P 29080 10537
729 P 29120 12034
730 P 29160 11697
731 P 29200 11124
732 P 29240 9797
733 P 29280 9754
734 P 29320 11085
735 P 29360 11354
736 P 29400 10323
737 P 29440 9583
738 P 29480 9481
739 P 29520 9175
740 P 29560 8875
741 P 29600 8955
742 P 29640 8806
743 P 29680 8824
744 P 29720 9008
745 I 29760 39535
746 P 29800 7579
747 P 29840 11494
748 P 29880 12896
749 P 29920 12801
750 P 29960 11695
751 P 30000 12496
752 P 30040 11909
753 P 30080 11937
754 P 30120 11985
755 P 30160 10584
756 P 30200 10112
757 P 30240 12334
758 P 30280 13678
759 P 30320 13714
760 P 30360 13915
761 P 30400 12796
762 P 30440 12912
763 P 30480 13262
764 P 30520 12678
765 P 30560 11956
766 P 30600 12862
767 P 30640 11271
768 P 30680 11163
769 I 30720 39347
770 P 30760 11527
771 P 30800 40535
772 P 30840 1538
773 P 30880 2166
774 P 30920 2225
775 P 30960 2531
776 P 31000 2509
777 P 31040 2790
778 P 31080 2848
779 P 31120 2860
780 P 31160 2984
781 P 31200 2917
782 P 31240 2951
783 P 31280 3021
784 P 31320 3016
785 P 31360 3199
786 P 31400 2936
787 P 31440 2932
788 P 31480 3125
789 P 31520 2995
790 P 31560 3013
791 P 31600 3099
792 P 31640 3124
793 I 31680 40255
794 P 31720 1533
795 P 31760 2057
796 P 31800 2151
797 P 31840 2458
798 P 31880 2583
799 P 31920 2653
800 P 31960 2709
801 P 32000 2713
802 P 32040 2814
803 P 32080 2735
804 P 32120 2871
805 P 32160 2781
806 P 32200 2917
807 P 32240 3018
808 P 32280 3075
809 P 32320 2987
810 P 32360 2874
811 P 32400 2914
812 P 32440 3190
813 P 32480 2942
814 P 32520 3048
815 P 32560 3072
816 P 32600 3245
817 I 32640 39911
818 P 32680 1474
819 P 32720 2030
820 P 32760 2142
821 P 32800 2484
822 P 32840 2444
823 P 32880 2685
824 P 32920 2576
825 P 32960 2805
826 P 33000 2770
827 P 33040 2836
828 P 33080 2861
829 P 33120 2913
830 P 33160 2962
831 P 33200 2979
832 P 33240 2902
833 P 33280 3190
834 P 33320 3005
835 P 33360 3033
836 P 33400 2876
837 P 33440 3003
838 P 33480 3088
839 P 33520 2872
840 P 33560 3093
841 I 33600 39761
842 P 33640 1457
843 P 33680 1978
844 P 33720 2203
845 P 33760 2391
846 P 33800 2495
847 P 33840 2583
848 P 33880 2700
849 P 33920 2555
850 P 33960 2835
851 P 34000 2828
852 P 34040 2724
853 P 34080 2845
854 P 34120 2878
855 P 34160 2831
856 P 34200 40237
857 P 34240 8661
858 P 34280 10477
859 P 34320 11201
860 P 34360 11890
861 P 34400 11995
862 P 34440 10618
863 P 34480 9599
864 P 34520 10484
865 I 34560 40131
866 P 34600 9040
867 P 34640 10145
868 P 34680 10243
869 P 34720 10070
870 P 34760 9898
871 P 34800 10852
872 P 34840 11012
873 P 34880 10433
874 P 34920 8525
875 P 34960 8722
876 P 35000 8691
877 P 35040 9590
878 P 35080 9704
879 P 35120 10408
880 P 35160 10165
881 P 35200 10470
882 P 35240 10790
883 P 35280 11155
884 P 35320 11212
885 P 35360 10900
886 P 35400 10545
887 P 35440 10334
888 P 35480 9982
889 I 35520 41466
890 P 35560 6975
891 P 35600 6359
892 P 35640 6402
893 P 35680 6969
894 P 35720 6077
895 P 35760 6774
896 P 35800 7438
897 P 35840 9775
898 P 35880 15436
899 P 35920 14316
900 P 35960 13457
901 P 36000 12822
902 P 36040 13048
903 P 36080 12866
904 P 36120 14392
905 P 36160 12351
906 P 36200 13280
907 P 36240 13212
908 P 36280 14885
909 P 36320 15943
910 P 36360 15183
911 P 36400 18046
912 P 36440 16087
913 I 36480 32686
914 P 36520 11983
915 P 36560 13758
916 P 36600 14448
917 P 36640 14158
918 P 36680 13688
919 P 36720 14552
920 P 36760 15038
921 P 36800 16438
922 P 36840 15691
923 P 36880 14040
924 P 36920 13668
925 P 36960 11014
926 P 37000 8853
927 P 37040 8652
928 P 37080 11068
929 P 37120 9651
930 P 37160 9645
931 P 37200 10099
932 P 37240 9139
933 P 37280 9210
934 P 37320 9041
935 P 37360 9729
936 P 37400 9436
937 I 37440 46036
938 P 37480 7401
939 P 37520 7798
940 P 37560 8184
941 P 37600 8404
942 P 37640 7849
943 P 37680 9007
944 P 37720 9436
945 P 37760 9201
946 P 37800 8985
947 P 37840 8734
948 P 37880 8638
949 P 37920 8698
950 P 37960 8823
951 P 38000 8822
952 P 38040 9359
953 P 38080 9989
954 P 38120 9140
955 P 38160 9134
956 P 38200 47981
957 P 38240 9404
958 P 38280 9606
959 P 38320 9406
960 P 38360 9497
961 I 38400 48577
962 P 38440 8388
963 P 38480 8670
964 P 38520 9384
965 P 38560 11782
966 P 38600 14390
967 P 38640 13938
968 P 38680 12235
969 P 38720 11539
970 P 38760 10258
971 P 38800 9918
972 P 38840 10940
973 P 38880 11864
974 P 38920 11941
975 P 38960 11313
976 P 39000 11104
977 P 39040 9951
978 P 39080 9775
979 P 39120 9277
980 P 39160 7602
981 P 39200 7778
982 P 39240 8949
983 P 39280 9082
984 P 39320 9295
985 I 39360 46291
986 P 39400 9711
987 P 39440 10200
988 P 39480 23997
989 P 39520 3378
990 P 39560 2961
991 P 39600 3260
992 P 39640 3033
993 P 39680 3644
994 P 39720 3979
995 P 39760 4272
996 P 39800 4678
997 P 39840 4689
998 P 39880 5044
999 P 39920 5542
1000 P 39960 5739
1001 P 40000 6186
1002 P 40040 6462
1003 P 40080 6542
1004 P 40120 6708
1005 P 40160 7165
1006 P 40200 6933
1007 P 40240 7064
1008 P 40280 7106
1009 I 40320 22507
1010 P 40360 6292
1011 P 40400 7113
1012 P 40440 6869
1013 P 40480 6948
1014 P 40520 6266
1015 P 40560 5955
1016 P 40600 4771
1017 P 40640 4409
1018 P 40680 5171
1019 P 40720 5238
1020 P 40760 5769
1021 P 40800 5651
1022 P 40840 6011
1023 P 40880 5615
1024 P 40920 5694
1025 P 40960 6000
1026 P 41000 5841
1027 P 41040 5680
1028 P 41080 5606
1029 P 41120 5399
1030 P 41160 5418
1031 P 41200 4812
1032 P 41240 5031
1033 I 41280 23975
1034 P 41320 3757
1035 P 41360 4561
1036 P 41400 5210
1037 P 41440 4924
1038 P 41480 5452
1039 P 41520 5449
1040 P 41560 5470
1041 P 41600 5266
1042 P 41640 5430
1043 P 41680 5136
1044 P 41720 5574
1045 P 41760 5784
1046 P 41800 5558
1047 P 41840 5109
1048 P 41880 6046
1049 P 41920 35363
1050 P 41960 6051
1051 P 42000 5974
1052 P 42040 5897
1053 P 42080 7109
1054 P 42120 6540
1055 P 42160 6174
1056 P 42200 6081
1057 I 42240 36548
1058 P 42280 4655
1059 P 42320 5074
1060 P 42360 4696
1061 P 42400 9948
1062 P 42440 9443
1063 P 42480 4735
1064 P 42520 4580
1065 P 42560 6782
1066 P 42600 8131
1067 P 42640 6669
1068 P 42680 9755
1069 P 42720 8967
1070 P 42760 5223
1071 P 42800 6110
1072 P 42840 5681
1073 P 42880 4670
1074 P 42920 5595
1075 P 42960 4424
1076 P 43000 4776
1077 P 43040 5230
1078 P 43080 5262
1079 P 43120 3837
1080 P 43160 5724
1081 I 43200 35130
1082 P 43240 3911
1083 P 43280 3979
1084 P 43320 3703
1085 P 43360 4186
1086 P 43400 4177
1087 P 43440 4252
1088 P 43480 4340
1089 P 43520 4777
1090 P 43560 4345
1091 P 43600 4058
1092 P 43640 3989
1093 P 43680 4501
1094 P 43720 3612
1095 P 43760 4425
1096 P 43800 3878
1097 P 43840 3828
1098 P 43880 3426
1099 P 43920 4208
1100 P 43960 4578
1101 P 44000 4174
1102 P 44040 3803
1103 P 44080 4274
1104 P 44120 4939
1105 I 44160 35919
1106 P 44200 6624
1107 P 44240 3881
1108 P 44280 3639
1109 P 44320 5548
1110 P 44360 5010
1111 P 44400 5492
1112 P 44440 4371
1113 P 44480 4158
1114 P 44520 3761
1115 P 44560 3566
1116 P 44600 2759
1117 P 44640 4035
1118 P 44680 3427
1119 P 44720 3472
1120 P 44760 2950
1121 P 44800 22122
1122 P 44840 2646
1123 P 44880 2854
1124 P 44920 2780
1125 P 44960 2931
1126 P 45000 3133
1127 P 45040 3384
1128 P 45080 3037
1129 I 45120 21609
1130 P 45160 2554
1131 P 45200 3262
1132 P 45240 2642
1133 P 45280 2795
1134 P 45320 3170
1135 P 45360 3140
1136 P 45400 3418
1137 P 45440 3591
1138 P 45480 3499
1139 P 45520 3651
1140 P 45560 3597
1141 P 45600 3820
1142 P 45640 4097
1143 P 45680 3898
1144 P 45720 4035
1145 P 45760 3948
1146 P 45800 3719
1147 P 45840 3956
1148 P 45880 3959
1149 P 45920 3853
1150 P 45960 3865
1151 P 46000 4074
1152 P 46040 4142
1153 I 46080 21771
1154 P 46120 2896
1155 P 46160 3782
1156 P 46200 4227
1157 P 46240 3810
1158 P 46280 4577
1159 P 46320 4226
1160 P 46360 4341
1161 P 46400 4606
1162 P 46440 4737
1163 P 46480 4373
1164 P 46520 4521
1165 P 46560 4447
1166 P 46600 4694
1167 P 46640 4835
1168 P 46680 4933
1169 P 46720 4890
1170 P 46760 5140
1171 P 46800 5383
1172 P 46840 5657
1173 P 46880 5551
1174 P 46920 5440
1175 P 46960 5764
1176 P 47000 5613
1177 I 47040 23779
1178 P 47080 3960
1179 P 47120 5053
1180 P 47160 5622
1181 P 47200 5755
1182 P 47240 5862
1183 P 47280 5861
1184 P 47320 5748
1185 P 47360 5771
1186 P 47400 5717
1187 P 47440 6216
1188 P 47480 6092
1189 P 47520 6412
1190 P 47560 6096
1191 P 47600 5799
1192 P 47640 5924
1193 P 47680 5918
1194 P 47720 5787
1195 P 47760 6076
1196 P 47800 5777
1197 P 47840 4827
1198 P 47880 4516
1199 P 47920 4431
1200 P 47960 4183
1201 I 48000 19084
1202 P 48040 2221
1203 P 48080 2434
1204 P 48120 2300
1205 P 48160 2456
1206 P 48200 2412
1207 P 48240 2713
1208 P 48280 2657
1209 P 48320 2615
1210 P 48360 2427
1211 P 48400 2318
1212 P 48440 2285
1213 P 48480 1999
1214 P 48520 2140
1215 P 48560 2067
1216 P 48600 2231
1217 P 48640 2362
1218 P 48680 2523
1219 P 48720 2479
1220 P 48760 2806
1221 P 48800 2572
1222 P 48840 2247
1223 P 48880 2398
1224 P 48920 1821
1225 I 48960 18155
1226 P 49000 1419
1227 P 49040 1929
1228 P 49080 1697
1229 P 49120 1529
1230 P 49160 1684
1231 P 49200 1261
1232 P 49240 1014
1233 P 49280 1486
1234 P 49320 1502
1235 P 49360 1380
1236 P 49400 1582
1237 P 49440 1113
1238 P 49480 747
1239 P 49520 891
1240 P 49560 848
1241 P 49600 884
1242 P 49640 1148
1243 P 49680 1432
1244 P 49720 1193
1245 P 49760 1517
1246 P 49800 1015
1247 P 49840 1191
1248 P 49880 1749
1249 I 49920 18238
1250 P 49960 888
1251 P 50000 932
1252 P 50040 878
1253 P 50080 1198
1254 P 50120 1495
1255 P 50160 1556
1256 P 50200 1499
1257 P 50240 1468
1258 P 50280 1688
1259 P 50320 1660
1260 P 50360 1540
1261 P 50400 1578
1262 P 50440 1439
1263 P 50480 1394
1264 P 50520 1583
1265 P 50560 1530
1266 P 50600 1601
1267 P 50640 1620
1268 P 50680 1313
1269 P 50720 1369
1270 P 50760 1471
1271 P 50800 1283
1272 P 50840 1649
1273 I 50880 18258
1274 P 50920 868
1275 P 50960 1377
1276 P 51000 1027
1277 P 51040 1109
1278 P 51080 1043
1279 P 51120 1005
1280 P 51160 960
1281 P 51200 1169
1282 P 51240 973
1283 P 51280 820
1284 P 51320 1259
1285 P 51360 1080
1286 P 51400 1238
1287 P 51440 1391
1288 P 51480 1311
1289 P 51520 1052
1290 P 51560 1228
1291 P 51600 1169
1292 P 51640 1172
1293 P 51680 1715
1294 P 51720 1925
1295 P 51760 1805
1296 P 51800 2666
1297 I 51840 17480
1298 P 51880 2095
1299 P 51920 1818
1300 P 51960 1724
1301 P 52000 1686
1302 P 52040 1844
1303 P 52080 1872
1304 P 52120 1843
1305 P 52160 1865
1306 P 52200 1930
1307 P 52240 1863
1308 P 52280 527
1309 P 52320 83
1310 P 52360 83
1311 P 52400 83
1312 P 52440 197
1313 P 52480 263
1314 P 52520 400
1315 P 52560 405
1316 P 52600 433
1317 P 52640 439
1318 P 52680 423
1319 P 52720 353
1320 P 52760 328
1321 I 52800 1347
1322 P 52840 221
1323 P 52880 418
1324 P 52920 425
1325 P 52960 457
1326 P 53000 426
1327 P 53040 487
1328 P 53080 407
1329 P 53120 515
1330 P 53160 405
1331 P 53200 493
1332 P 53240 350
1333 P 53280 514
1334 P 53320 399
1335 P 53360 421
1336 P 53400 534
1337 P 53440 353
1338 P 53480 555
1339 P 53520 335
1340 P 53560 397
1341 P 53600 523
1342 P 53640 376
1343 P 53680 418
1344 P 53720 410
1345 I 53760 1686
1346 P 53800 244
1347 P 53840 368
1348 P 53880 396
1349 P 53920 359
1350 P 53960 389
1351 P 54000 412
1352 P 54040 374
1353 P 54080 398
1354 P 54120 365
1355 P 54160 388
1356 P 54200 401
1357 P 54240 443
1358 P 54280 397
1359 P 54320 457
1360 P 54360 294
1361 P 54400 429
1362 P 54440 300
1363 P 54480 383
1364 P 54520 399
1365 P 54560 347
1366 P 54600 381
1367 P 54640 343
1368 P 54680 414
1369 I 54720 1888
1370 P 54760 238
1371 P 54800 270
1372 P 54840 328
1373 P 54880 334
1374 P 54920 345
1375 P 54960 333
1376 P 55000 339
1377 P 55040 339
1378 P 55080 285
1379 P 55120 324
1380 P 55160 335
1381 P 55200 327
1382 P 55240 353
1383 P 55280 271
1384 P 55320 306
1385 P 55360 326
1386 P 55400 296
1387 P 55440 321
1388 P 55480 307
1389 P 55520 321
1390 P 55560 313
1391 P 55600 269
1392 P 55640 304
1393 I 55680 1887
1394 P 55720 187
1395 P 55760 268
1396 P 55800 249
1397 P 55840 237
1398 P 55880 251
1399 P 55920 304
1400 P 55960 278
1401 P 56000 278
1402 P 56040 263
1403 P 56080 304
1404 P 56120 279
1405 P 56160 307
1406 P 56200 336
1407 P 56240 268
1408 P 56280 264
1409 P 56320 252
1410 P 56360 295
1411 P 56400 301
1412 P 56440 267
1413 P 56480 288
1414 P 56520 274
1415 P 56560 254
1416 P 56600 285
1417 I 56640 1864
1418 P 56680 185
1419 P 56720 209
1420 P 56760 242
1421 P 56800 244
1422 P 56840 219
1423 P 56880 261
1424 P 56920 277
1425 P 56960 233
1426 P 57000 243
1427 P 57040 275
1428 P 57080 211
1429 P 57120 326
1430 P 57160 266
1431 P 57200 256
1432 P 57240 255
1433 P 57280 289
1434 P 57320 267
1435 P 57360 273
1436 P 57400 258
1437 P 57440 236
1438 P 57480 295
1439 P 57520 19936
1440 P 57560 1142
1441 I 57600 19636
1442 P 57640 1127
1443 P 57680 1224
1444 P 57720 1264
1445 P 57760 1297
1446 P 57800 1358
1447 P 57840 1378
1448 P 57880 1399
1449 P 57920 1516
1450 P 57960 1482
1451 P 58000 1675
1452 P 58040 1631
1453 P 58080 1607
1454 P 58120 1698
1455 P 58160 1748
1456 P 58200 1664
1457 P 58240 1688
1458 P 58280 1705
1459 P 58320 1800
1460 P 58360 1744
1461 P 58400 1798
1462 P 58440 1766
1463 P 58480 1711
1464 P 58520 1770
1465 I 58560 19518
1466 P 58600 1099
1467 P 58640 1154
1468 P 58680 1207
1469 P 58720 1179
1470 P 58760 1258
1471 P 58800 1403
1472 P 58840 1326
1473 P 58880 1367
1474 P 58920 1465
1475 P 58960 1433
1476 P 59000 1520
1477 P 59040 1512
1478 P 59080 1507
1479 P 59120 1593
1480 P 59160 1617
1481 P 59200 1680
1482 P 59240 1648
1483 P 59280 1690
1484 P 59320 1673
1485 P 59360 1645
1486 P 59400 1735
1487 P 59440 1774
1488 P 59480 1743
1489 I 59520 18967
1490 P 59560 1035
1491 P 59600 1149
1492 P 59640 1179
1493 P 59680 1259
1494 P 59720 1317
1495 P 59760 1299
1496 P 59800 1357
1497 P 59840 1341
1498 P 59880 1385
1499 P 59920 1520
1500 P 59960 1533
1501 P 60000 1511
1502 P 60040 1453
1503 P 60080 1524
1504 P 60120 1616
1505 P 60160 1640
1506 P 60200 1641
1507 P 60240 1675
1508 P 60280 1699
1509 P 60320 1730
1510 P 60360 1731
1511 P 60400 1639
1512 P 60440 1678
1513 I 60480 18457
1514 P 60520 994
1515 P 60560 1087
1516 P 60600 1173
1517 P 60640 1092
1518 P 60680 1235
1519 P 60720 1276
1520 P 60760 1332
1521 P 60800 1396
1522 P 60840 1363
1523 P 60880 1457
1524 P 60920 1448
1525 P 60960 1514
1526 P 61000 1391
1527 P 61040 1550
1528 P 61080 1557
1529 P 61120 1583
1530 P 61160 1601
1531 P 61200 1704
1532 P 61240 1560
1533 P 61280 1658
1534 P 61320 1592
1535 P 61360 1620
1536 P 61400 1685
1537 I 61440 18077
1538 P 61480 1002
1539 P 61520 18254
1540 P 61560 3567
1541 P 61600 3764
1542 P 61640 4065
1543 P 61680 4123
1544 P 61720 3984
1545 P 61760 4249
1546 P 61800 4168
1547 P 61840 4613
1548 P 61880 4565
1549 P 61920 4669
1550 P 61960 4705
1551 P 62000 4558
1552 P 62040 4710
1553 P 62080 4728
1554 P 62120 4746
1555 P 62160 4774
1556 P 62200 5406
1557 P 62240 5459
1558 P 62280 5412
1559 P 62320 5248
1560 P 62360 5234
1561 I 62400 20119
1562 P 62440 4306
1563 P 62480 4683
1564 P 62520 5035
1565 P 62560 5160
1566 P 62600 5229
1567 P 62640 5516
1568 P 62680 5266
1569 P 62720 5209
1570 P 62760 4907
1571 P 62800 4926
1572 P 62840 4944
1573 P 62880 4937
1574 P 62920 4698
1575 P 62960 4776
1576 P 63000 4568
1577 P 63040 4814
1578 P 63080 4604
1579 P 63120 4419
1580 P 63160 4430
1581 P 63200 4272
1582 P 63240 4426
1583 P 63280 4572
1584 P 63320 4811
1585 I 63360 19846
1586 P 63400 3950
1587 P 63440 4421
1588 P 63480 4343
1589 P 63520 4625
1590 P 63560 4543
1591 P 63600 4421
1592 P 63640 4789
1593 P 63680 4631
1594 P 63720 4933
1595 P 63760 4653
1596 P 63800 4808
1597 P 63840 4839
1598 P 63880 4816
1599 P 63920 4722
1600 P 63960 4728
1601 P 64000 4663
1602 P 64040 4557
1603 P 64080 4663
1604 P 64120 4380
1605 P 64160 4560
1606 P 64200 4322
1607 P 64240 4365
1608 P 64280 4134
1609 I 64320 20694
1610 P 64360 3204
1611 P 64400 3681
1612 P 64440 3650
1613 P 64480 3739
1614 P 64520 3726
1615 P 64560 3823
1616 P 64600 3751
1617 P 64640 3580
1618 P 64680 3615
1619 P 64720 3561
1620 P 64760 3625
1621 P 64800 3586
1622 P 64840 3779
1623 P 64880 3704
1624 P 64920 3759
1625 P 64960 3829
1626 P 65000 3668
1627 P 65040 3730
1628 P 65080 3816
1629 P 65120 4071
1630 P 65160 4123
1631 P 65200 4107
1632 P 65240 4110
1633 I 65280 23669
1634 P 65320 3088
1635 P 65360 3811
1636 P 65400 3726
1637 P 65440 4167
1638 P 65480 3985
1639 P 65520 4142
1640 P 65560 4191
1641 P 65600 4159
1642 P 65640 4291
1643 P 65680 4295
1644 P 65720 4453
1645 P 65760 4477
1646 P 65800 4625
1647 P 65840 4874
1648 P 65880 4806
1649 P 65920 4920
1650 P 65960 4758
1651 P 66000 4580
1652 P 66040 4780
1653 P 66080 4858
1654 P 66120 4681
1655 P 66160 4980
1656 P 66200 4603
1657 I 66240 27377
1658 P 66280 3730
1659 P 66320 4146
1660 P 66360 4291
1661 P 66400 4356
1662 P 66440 4565
1663 P 66480 4791
1664 P 66520 4708
1665 P 66560 4765
1666 P 66600 25056
1667 P 66640 1448
1668 P 66680 1736
1669 P 66720 1846
1670 P 66760 1776
1671 P 66800 1729
1672 P 66840 1764
1673 P 66880 1915
1674 P 66920 1644
1675 P 66960 1818
1676 P 67000 2004
1677 P 67040 2018
1678 P 67080 2145
1679 P 67120 2152
1680 P 67160 1896
1681 I 67200 23334
1682 P 67240 1450
1683 P 67280 1712
1684 P 67320 1822
1685 P 67360 1867
1686 P 67400 1800
1687 P 67440 1644
1688 P 67480 1818
1689 P 67520 1990
1690 P 67560 1909
1691 P 67600 2073
1692 P 67640 1814
1693 P 67680 1845
1694 P 67720 1907
1695 P 67760 1928
1696 P 67800 1880
1697 P 67840 2082
1698 P 67880 2221
1699 P 67920 2436
1700 P 67960 2200
1701 P 68000 2305
1702 P 68040 2124
1703 P 68080 2321
1704 P 68120 2239
1705 I 68160 20178
1706 P 68200 1287
1707 P 68240 1533
1708 P 68280 1478
1709 P 68320 1628
1710 P 68360 1674
1711 P 68400 1688
1712 P 68440 1727
1713 P 68480 1799
1714 P 68520 2061
1715 P 68560 1742
1716 P 68600 1955
1717 P 68640 2043
1718 P 68680 1951
1719 P 68720 1944
1720 P 68760 1824
1721 P 68800 1965
1722 P 68840 1941
1723 P 68880 2031
1724 P 68920 2034
1725 P 68960 2092
1726 P 69000 2059
1727 P 69040 2045
1728 P 69080 1544
1729 I 69120 18214
1730 P 69160 1075
1731 P 69200 1414
1732 P 69240 18952
1733 P 69280 874
1734 P 69320 1158
1735 P 69360 1303
1736 P 69400 1156
1737 P 69440 1158
1738 P 69480 1045
1739 P 69520 1166
1740 P 69560 1132
1741 P 69600 1040
1742 P 69640 851
1743 P 69680 1034
1744 P 69720 1266
1745 P 69760 1357
1746 P 69800 1272
1747 P 69840 1406
1748 P 69880 1181
1749 P 69920 1098
1750 P 69960 1245
1751 P 70000 1112
1752 P 70040 1187
1753 I 70080 18674
1754 P 70120 725
1755 P 70160 951
1756 P 70200 1192
1757 P 70240 1411
1758 P 70280 1472
1759 P 70320 1470
1760 P 70360 1338
1761 P 70400 1167
1762 P 70440 1296
1763 P 70480 1544
1764 P 70520 1482
1765 P 70560 1795
1766 P 70600 1541
1767 P 70640 1502
1768 P 70680 1539
1769 P 70720 2049
1770 P 70760 1567
1771 P 70800 1557
1772 P 70840 1430
1773 P 70880 1786
1774 P 70920 1181
1775 P 70960 1605
1776 P 71000 1371
1777 I 71040 18363
1778 P 71080 1089
1779 P 71120 1643
1780 P 71160 1151
1781 P 71200 1316
1782 P 71240 1206
1783 P 71280 1259
1784 P 71320 1875
1785 P 71360 2339
1786 P 71400 2158
1787 P 71440 2237
1788 P 71480 2304
1789 P 71520 2083
1790 P 71560 1608
1791 P 71600 2001
1792 P 71640 2007
1793 P 71680 2352
1794 P 71720 1997
1795 P 71760 1670
1796 P 71800 1566
1797 P 71840 12590
1798 P 71880 2051
1799 P 71920 2236
1800 P 71960 2994
1801 I 72000 12337
1802 P 72040 1879
1803 P 72080 2599
1804 P 72120 2379
1805 P 72160 2888
1806 P 72200 2983
1807 P 72240 2774
1808 P 72280 3090
1809 P 72320 3056
1810 P 72360 2770
1811 P 72400 3035
1812 P 72440 3302
1813 P 72480 2703
1814 P 72520 3153
1815 P 72560 3089
1816 P 72600 3400
1817 P 72640 3477
1818 P 72680 4004
1819 P 72720 4214
1820 P 72760 4023
1821 P 72800 4304
1822 P 72840 4324
1823 P 72880 4634
1824 P 72920 4186
1825 I 72960 10047
1826 P 73000 3336
1827 P 73040 4507
1828 P 73080 4579
1829 P 73120 5089
1830 P 73160 5526
1831 P 73200 5798
1832 P 73240 6271
1833 P 73280 6175
1834 P 73320 6333
1835 P 73360 6546
1836 P 73400 6499
1837 P 73440 6778
1838 P 73480 7129
1839 P 73520 6663
1840 P 73560 6689
1841 P 73600 6578
1842 P 73640 6827
1843 P 73680 6156
1844 P 73720 6172
1845 P 73760 6551
1846 P 73800 6210
1847 P 73840 6876
1848 P 73880 6117
1849 I 73920 19243
1850 P 73960 3795
1851 P 74000 6097
1852 P 74040 6454
1853 P 74080 5634
1854 P 74120 4881
1855 P 74160 3789
1856 P 74200 3485
1857 P 74240 3195
1858 P 74280 3443
1859 P 74320 2520
1860 P 74360 2857
1861 P 74400 2635
1862 P 74440 2723
1863 P 74480 2980
1864 P 74520 2746
1865 P 74560 2760
1866 P 74600 2756
1867 P 74640 2760
1868 P 74680 2990
1869 P 74720 3164
1870 P 74760 2964
1871 P 74800 3225
1872 P 74840 3060
1873 I 74880 23670
1874 P 74920 3081
1875 P 74960 4524
1876 P 75000 4948
1877 P 75040 5882
1878 P 75080 6120
1879 P 75120 6316
1880 P 75160 6126
1881 P 75200 6233
1882 P 75240 5928
1883 P 75280 5529
1884 P 75320 4883
1885 P 75360 4061
1886 P 75400 3586
1887 P 75440 3468
1888 P 75480 4098
1889 P 75520 4035
1890 P 75560 4119
1891 P 75600 4166
1892 P 75640 4155
1893 P 75680 4461
1894 P 75720 4536
1895 P 75760 4139
1896 P 75800 4889
1897 I 75840 21797
1898 P 75880 3109
1899 P 75920 3418
1900 P 75960 3999
1901 P 76000 4240
1902 P 76040 3995
1903 P 76080 4216
1904 P 76120 4145
1905 P 76160 4146
1906 P 76200 4223
1907 P 76240 4224
1908 P 76280 4042
1909 P 76320 4016
1910 P 76360 3999
1911 P 76400 3875
1912 P 76440 4037
1913 P 76480 3515
1914 P 76520 3909
1915 P 76560 4021
1916 P 76600 3946
1917 P 76640 3516
1918 P 76680 3442
1919 P 76720 3733
1920 P 76760 3452
1921 I 76800 24418
1922 P 76840 2303
1923 P 76880 2798
1924 P 76920 2995
1925 P 76960 3003
1926 P 77000 3066
1927 P 77040 3187
1928 P 77080 3024
1929 P 77120 3145
1930 P 77160 3136
1931 P 77200 3251
1932 P 77240 3589
1933 P 77280 3902
1934 P 77320 4865
1935 P 77360 6137
1936 P 77400 7027
1937 P 77440 8313
1938 P 77480 9287
1939 P 77520 9995
1940 P 77560 10004
1941 P 77600 10012
1942 P 77640 9777
1943 P 77680 9952
1944 P 77720 9189
1945 I 77760 20956
1946 P 77800 6314
1947 P 77840 5356
1948 P 77880 3045
1949 P 77920 1498
1950 P 77960 1638
1951 P 78000 1872
1952 P 78040 1916
1953 P 78080 1841
1954 P 78120 1843
1955 P 78160 1779
1956 P 78200 1982
1957 P 78240 1894
1958 P 78280 1903
1959 P 78320 1733
1960 P 78360 2120
1961 P 78400 1928
1962 P 78440 1938
1963 P 78480 1993
1964 P 78520 1972
1965 P 78560 2096
1966 P 78600 1934
1967 P 78640 1820
1968 P 78680 1930
1969 I 78720 20100
1970 P 78760 1049
1971 P 78800 1313
1972 P 78840 1558
1973 P 78880 1730
1974 P 78920 1468
1975 P 78960 1756
1976 P 79000 1863
1977 P 79040 1824
1978 P 79080 1883
1979 P 79120 12111
1980 P 79160 1197
1981 P 79200 1587
1982 P 79240 1629
1983 P 79280 1481
1984 P 79320 1233
1985 P 79360 1388
1986 P 79400 1282
1987 P 79440 1283
1988 P 79480 1456
1989 P 79520 1532
1990 P 79560 1414
1991 P 79600 1531
1992 P 79640 1511
1993 I 79680 11791
1994 P 79720 844
1995 P 79760 991
1996 P 79800 928
1997 P 79840 1094
1998 P 79880 1265
1999 P 79920 1437
2000 P 79960 1422
2001 P 80000 1473
2002 P 80040 1317
2003 P 80080 1348
2004 P 80120 1602
2005 P 80160 1576
2006 P 80200 1409
2007 P 80240 1525
2008 P 80280 1433
2009 P 80320 1419
2010 P 80360 1550
2011 P 80400 1522
2012 P 80440 1445
2013 P 80480 1367
2014 P 80520 1478
2015 P 80560 1535
2016 P 80600 1563
2017 I 80640 11805
2018 P 80680 966
2019 P 80720 1255
2020 P 80760 1763
2021 P 80800 2266
2022 P 80840 3852
2023 P 80880 4394
2024 P 80920 4345
2025 P 80960 6201
2026 P 81000 7150
2027 P 81040 7400
2028 P 81080 7357
2029 P 81120 5157
2030 P 81160 2640
2031 P 81200 1697
2032 P 81240 1396
2033 P 81280 2130
2034 P 81320 1994
2035 P 81360 1287
2036 P 81400 1285
2037 P 81440 1618
2038 P 81480 1511
2039 P 81520 1523
2040 P 81560 1454
2041 I 81600 13850
2042 P 81640 845
2043 P 81680 931
2044 P 81720 843
2045 P 81760 548
2046 P 81800 341
2047 P 81840 486
2048 P 81880 790
2049 P 81920 593
2050 P 81960 702
2051 P 82000 20641
2052 P 82040 1014
2053 P 82080 1405
2054 P 82120 1563
2055 P 82160 1636
2056 P 82200 1739
2057 P 82240 1840
2058 P 82280 1908
2059 P 82320 1677
2060 P 82360 1848
2061 P 82400 1762
2062 P 82440 1914
2063 P 82480 2020
2064 P 82520 6937
2065 I 82560 18624
2066 P 82600 898
2067 P 82640 1362
2068 P 82680 1378
2069 P 82720 1476
2070 P 82760 1669
2071 P 82800 1604
2072 P 82840 1814
2073 P 82880 1733
2074 P 82920 1868
2075 P 82960 1909
2076 P 83000 1628
2077 P 83040 1873
2078 P 83080 1760
2079 P 83120 1691
2080 P 83160 1810
2081 P 83200 1882
2082 P 83240 1423
2083 P 83280 1780
2084 P 83320 1974
2085 P 83360 1637
2086 P 83400 1791
2087 P 83440 2356
2088 P 83480 1751
2089 I 83520 18078
2090 P 83560 1165
2091 P 83600 1130
2092 P 83640 1201
2093 P 83680 1442
2094 P 83720 1551
2095 P 83760 1541
2096 P 83800 1477
2097 P 83840 1559
2098 P 83880 1590
2099 P 83920 1575
2100 P 83960 1754
2101 P 84000 1676
2102 P 84040 1613
2103 P 84080 1682
2104 P 84120 1916
2105 P 84160 1537
2106 P 84200 1546
2107 P 84240 1681
2108 P 84280 1699
2109 P 84320 1807
2110 P 84360 1909
2111 P 84400 1598
2112 P 84440 1924
2113 I 84480 17289
2114 P 84520 979
2115 P 84560 1220
2116 P 84600 1424
2117 P 84640 1323
2118 P 84680 19817
2119 P 84720 2113
2120 P 84760 2491
2121 P 84800 2783
2122 P 84840 2985
2123 P 84880 3342
2124 P 84920 3482
2125 P 84960 3607
2126 P 85000 3857
2127 P 85040 2215
2128 P 85080 2798
2129 P 85120 2808
2130 P 85160 2969
2131 P 85200 3233
2132 P 85240 3380
2133 P 85280 3552
2134 P 85320 3206
2135 P 85360 2975
2136 P 85400 2839
2137 I 85440 19387
2138 P 85480 2015
2139 P 85520 2454
2140 P 85560 2035
2141 P 85600 1663
2142 P 85640 1593
2143 P 85680 1698
2144 P 85720 1839
2145 P 85760 1761
2146 P 85800 2058
2147 P 85840 1716
2148 P 85880 921
2149 P 85920 1045
2150 P 85960 1154
2151 P 86000 1733
2152 P 86040 2333
2153 P 86080 3082
2154 P 86120 3513
2155 P 86160 3219
2156 P 86200 3110
2157 P 86240 3033
2158 P 86280 3355
2159 P 86320 3387
2160 P 86360 3494
2161 I 86400 19995
2162 P 86440 1493
2163 P 86480 2009
2164 P 86520 1843
2165 P 86560 2254
2166 P 86600 2624
2167 P 86640 3534
2168 P 86680 3555
2169 P 86720 3518
2170 P 86760 3961
2171 P 86800 4160
2172 P 86840 3486
2173 P 86880 3308
2174 P 86920 2566
2175 P 86960 2092
2176 P 87000 2040
2177 P 87040 1990
2178 P 87080 2481
2179 P 87120 2305
2180 P 87160 2258
2181 P 87200 1964
2182 P 87240 2137
2183 P 87280 2491
2184 P 87320 2397
2185 I 87360 18836
2186 P 87400 1261
2187 P 87440 1594
2188 P 87480 1592
2189 P 87520 1693
2190 P 87560 1946
2191 P 87600 2022
2192 P 87640 1668
2193 P 87680 1700
2194 P 87720 1681
2195 P 87760 1602
2196 P 87800 1709
2197 P 87840 1314
2198 P 87880 1528
2199 P 87920 2213
2200 P 87960 2319
2201 P 88000 2430
2202 P 88040 2563
2203 P 88080 2285
2204 P 88120 1650
2205 P 88160 1765
2206 P 88200 1949
2207 P 88240 1998
2208 P 88280 1776
2209 I 88320 19418
2210 P 88360 1216
2211 P 88400 1475
2212 P 88440 1627
2213 P 88480 1406
2214 P 88520 1383
2215 P 88560 1675
2216 P 88600 1898
2217 P 88640 1632
2218 P 88680 1588
2219 P 88720 19593
2220 P 88760 966
2221 P 88800 1369
2222 P 88840 1550
2223 P 88880 1617
2224 P 88920 1704
2225 P 88960 1801
2226 P 89000 1460
2227 P 89040 1719
2228 P 89080 1849
2229 P 89120 1714
2230 P 89160 1760
2231 P 89200 2412
2232 P 89240 1794
2233 I 89280 19045
2234 P 89320 1218
2235 P 89360 1216
2236 P 89400 1332
2237 P 89440 1500
2238 P 89480 1560
2239 P 89520 1572
2240 P 89560 1604
2241 P 89600 1626
2242 P 89640 1704
2243 P 89680 1597
2244 P 89720 1941
2245 P 89760 1677
2246 P 89800 1829
2247 P 89840 1767
2248 P 89880 2059
2249 P 89920 1675
2250 P 89960 1514
2251 P 90000 1778
2252 P 90040 1818
2253 P 90080 1841
2254 P 90120 2005
2255 P 90160 1700
2256 P 90200 1996
2257 I 90240 18163
2258 P 90280 1030
2259 P 90320 1259
2260 P 90360 1578
2261 P 90400 1402
2262 P 90440 1561
2263 P 90480 1672
2264 P 90520 1673
2265 P 90560 1633
2266 P 90600 1800
2267 P 90640 1667
2268 P 90680 1878
2269 P 90720 1744
2270 P 90760 1900
2271 P 90800 1876
2272 P 90840 1669
2273 P 90880 1695
2274 P 90920 1572
2275 P 90960 2078
2276 P 91000 1724
2277 P 91040 1679
2278 P 91080 1876
2279 P 91120 1715
2280 P 91160 1702
2281 I 91200 17725
2282 P 91240 909
2283 P 91280 1231
2284 P 91320 1252
2285 P 91360 1511
2286 P 91400 1825
2287 P 91440 1731
2288 P 91480 1913
2289 P 91520 2045
2290 P 91560 2134
2291 P 91600 2284
2292 P 91640 2264
2293 P 91680 2471
2294 P 91720 2634
2295 P 91760 2465
2296 P 91800 2730
2297 P 91840 2662
2298 P 91880 2699
2299 P 91920 2999
2300 P 91960 2710
2301 P 92000 2652
2302 P 92040 3031
2303 P 92080 2840
2304 P 92120 3283
2305 I 92160 18928
2306 P 92200 4408
2307 P 92240 7291
2308 P 92280 8010
2309 P 92320 8599
2310 P 92360 8485
2311 P 92400 8574
2312 P 92440 8235
2313 P 92480 8046
2314 P 92520 7478
2315 P 92560 6453
2316 P 92600 5807
2317 P 92640 5016
2318 P 92680 4370
2319 P 92720 3836
2320 P 92760 3855
2321 P 92800 4400
2322 P 92840 4123
2323 P 92880 3734
2324 P 92920 3739
2325 P 92960 3243
2326 P 93000 3595
2327 P 93040 3107
2328 P 93080 3248
2329 I 93120 22412
2330 P 93160 2141
2331 P 93200 2759
2332 P 93240 2717
2333 P 93280 3211
2334 P 93320 3042
2335 P 93360 3056
2336 P 93400 4304
2337 P 93440 3734
2338 P 93480 4301
2339 P 93520 4302
2340 P 93560 3569
2341 P 93600 3741
2342 P 93640 3569
2343 P 93680 3094
2344 P 93720 3158
2345 P 93760 3459
2346 P 93800 3934
2347 P 93840 4064
2348 P 93880 4518
2349 P 93920 4550
2350 P 93960 4257
2351 P 94000 5024
2352 P 94040 4496
2353 I 94080 20952
2354 P 94120 4055
2355 P 94160 3903
2356 P 94200 4214
2357 P 94240 4111
2358 P 94280 4350
2359 P 94320 4293
2360 P 94360 4211
2361 P 94400 4171
2362 P 94440 4431
2363 P 94480 4296
2364 P 94520 4201
2365 P 94560 4238
2366 P 94600 4490
2367 P 94640 4860
2368 P 94680 5090
2369 P 94720 4691
2370 P 94760 4289
2371 P 94800 4695
2372 P 94840 4502
2373 P 94880 4908
2374 P 94920 4676
2375 P 94960 4931
2376 P 95000 5064
2377 I 95040 20148
2378 P 95080 3785
2379 P 95120 5049
2380 P 95160 5263
2381 P 95200 5390
2382 P 95240 5408
2383 P 95280 5678
2384 P 95320 4563
2385 P 95360 4937
2386 P 95400 5053
2387 P 95440 4493
2388 P 95480 5013
2389 P 95520 4756
2390 P 95560 5287
2391 P 95600 4875
2392 P 95640 5129
2393 P 95680 5204
2394 P 95720 4709
2395 P 95760 5019
2396 P 95800 5015
2397 P 95840 4746
2398 P 95880 5060
2399 P 95920 5541
2400 P 95960 5530
2401 I 96000 18697
2402 P 96040 3013
2403 P 96080 3209
2404 P 96120 3697
2405 P 96160 3697
2406 P 96200 4084
2407 P 96240 4109
2408 P 96280 4067
2409 P 96320 3599
2410 P 96360 3658
2411 P 96400 3561
2412 P 96440 3190
2413 P 96480 3743
2414 P 96520 4204
2415 P 96560 3949
2416 P 96600 4087
2417 P 96640 3981
2418 P 96680 3654
2419 P 96720 4065
2420 P 96760 3707
2421 P 96800 3693
2422 P 96840 3975
2423 P 96880 3838
2424 P 96920 4662
2425 I 96960 18783
2426 P 97000 2376
2427 P 97040 4087
2428 P 97080 3633
2429 P 97120 3865
2430 P 97160 3981
2431 P 97200 4386
2432 P 97240 3809
2433 P 97280 3877
2434 P 97320 4003
2435 P 97360 4228
2436 P 97400 3963
2437 P 97440 4103
2438 P 97480 3927
2439 P 97520 4200
2440 P 97560 4366
2441 P 97600 4498
2442 P 97640 4144
2443 P 97680 4065
2444 P 97720 4169
2445 P 97760 4161
2446 P 97800 3855
2447 P 97840 4059
2448 P 97880 3653
2449 I 97920 17899
2450 P 97960 2232
2451 P 98000 2721
2452 P 98040 2966
2453 P 98080 3111
2454 P 98120 2736
2455 P 98160 2688
2456 P 98200 2806
2457 P 98240 2693
2458 P 98280 2994
2459 P 98320 3226
2460 P 98360 2746
2461 P 98400 2584
2462 P 98440 3406
2463 P 98480 2861
2464 P 98520 2904
2465 P 98560 3038
2466 P 98600 3523
2467 P 98640 3372
2468 P 98680 3416
2469 P 98720 3509
2470 P 98760 2916
2471 P 98800 3284
2472 P 98840 2579
2473 I 98880 19192
2474 P 98920 1678
2475 P 98960 2452
2476 P 99000 2600
2477 P 99040 2491
2478 P 99080 2862
2479 P 99120 2421
2480 P 99160 3085
2481 P 99200 2757
2482 P 99240 2730
2483 P 99280 3220
2484 P 99320 2627
2485 P 99360 2941
2486 P 99400 2956
2487 P 99440 3099
2488 P 99480 2860
2489 P 99520 3175
2490 P 99560 2847
2491 P 99600 2983
2492 P 99640 3141
2493 P 99680 3078
2494 P 99720 3053
2495 P 99760 3329
2496 P 99800 2954
2497 I 99840 21282
2498 P 99880 1814
2499 P 99920 2681
2500 P 99960 2956
2501 P 100000 3023
