1 I 0 89865
2 P 40 19580
3 P 80 24258
4 P 120 20404
5 P 160 27260
6 P 200 22089
7 P 240 21949
8 P 280 22570
9 P 320 24110
10 P 360 23033
11 P 400 21836
12 P 440 22044
13 P 480 23555
14 P 520 24877
15 P 560 25257
16 P 600 25639
17 P 640 22305
18 P 680 28058
19 P 720 26836
20 P 760 24909
21 P 800 30583
22 P 840 23920
23 P 880 19370
24 P 920 24207
25 I 960 74207
26 P 1000 40329
27 P 1040 27039
28 P 1080 34964
29 P 1120 33451
30 P 1160 40647
31 P 1200 37691
32 P 1240 30095
33 P 1280 36009
34 P 1320 29595
35 P 1360 42084
36 P 1400 32117
37 P 1440 34917
38 P 1480 47901
39 P 1520 31498
40 P 1560 34355
41 P 1600 43288
42 P 1640 31849
43 P 1680 26751
44 P 1720 33077
45 P 1760 31269
46 P 1800 37596
47 P 1840 34082
48 P 1880 37926
49 I 1920 63864
50 P 1960 34877
51 P 2000 39453
52 P 2040 32408
53 P 2080 36836
54 P 2120 30651
55 P 2160 37867
56 P 2200 36554
57 P 2240 30536
58 P 2280 43817
59 P 2320 35149
60 P 2360 35133
61 P 2400 33310
62 P 2440 32793
63 P 2480 40424
64 P 2520 32680
65 P 2560 28222
66 P 2600 29662
67 P 2640 28966
68 P 2680 30712
69 P 2720 30005
70 P 2760 28391
71 P 2800 29074
72 P 2840 32426
73 I 2880 55760
74 P 2920 33702
75 P 2960 26889
76 P 3000 33585
77 P 3040 28966
78 P 3080 37042
79 P 3120 39544
80 P 3160 32003
81 P 3200 29812
82 P 3240 30287
83 P 3280 30154
84 P 3320 86968
85 P 3360 30254
86 P 3400 27584
87 P 3440 45512
88 P 3480 20715
89 P 3520 30926
90 P 3560 27543
91 P 3600 34502
92 P 3640 37788
93 P 3680 25615
94 P 3720 27212
95 P 3760 25786
96 P 3800 34258
97 I 3840 82189
98 P 3880 32817
99 P 3920 28635
100 P 3960 27922
101 P 4000 49323
102 P 4040 33214
103 P 4080 34195
104 P 4120 32012
105 P 4160 44554
106 P 4200 30601
107 P 4240 34494
108 P 4280 27738
109 P 4320 32443
110 P 4360 35002
111 P 4400 46681
112 P 4440 35076
113 P 4480 32999
114 P 4520 34034
115 P 4560 38880
116 P 4600 29506
117 P 4640 30758
118 P 4680 33568
119 P 4720 30031
120 P 4760 30144
121 I 4800 63367
122 P 4840 28086
123 P 4880 29391
124 P 4920 28531
125 P 4960 29297
126 P 5000 29921
127 P 5040 38650
128 P 5080 29863
129 P 5120 32351
130 P 5160 28202
131 P 5200 29579
132 P 5240 25335
133 P 5280 31249
134 P 5320 27052
135 P 5360 27955
136 P 5400 29031
137 P 5440 33719
138 P 5480 28131
139 P 5520 31578
140 P 5560 27737
141 P 5600 27526
142 P 5640 25900
143 P 5680 29750
144 P 5720 26515
145 I 5760 54836
146 P 5800 22916
147 P 5840 26552
148 P 5880 26465
149 P 5920 24084
150 P 5960 24898
151 P 6000 25098
152 P 6040 24381
153 P 6080 25930
154 P 6120 24796
155 P 6160 23023
156 P 6200 19527
157 P 6240 18532
158 P 6280 22089
159 P 6320 21422
160 P 6360 22620
161 P 6400 16988
162 P 6440 18474
163 P 6480 21141
164 P 6520 19215
165 P 6560 19462
166 P 6600 17955
167 P 6640 18575
168 P 6680 17770
169 I 6720 23871
170 P 6760 16804
171 P 6800 15132
172 P 6840 17153
173 P 6880 16778
174 P 6920 15192
175 P 6960 16808
176 P 7000 15169
177 P 7040 14222
178 P 7080 16512
179 P 7120 14499
180 P 7160 13761
181 P 7200 15018
182 P 7240 13088
183 P 7280 13431
184 P 7320 12894
185 P 7360 14687
186 P 7400 12291
187 P 7440 12185
188 P 7480 11227
189 P 7520 13564
190 P 7560 12414
191 P 7600 12613
192 P 7640 11758
193 I 7680 21242
194 P 7720 12005
195 P 7760 10865
196 P 7800 11864
197 P 7840 13409
198 P 7880 12255
199 P 7920 16800
200 P 7960 14368
201 P 8000 11536
202 P 8040 12865
203 P 8080 72510
204 P 8120 20954
205 P 8160 5336
206 P 8200 4677
207 P 8240 4432
208 P 8280 4598
209 P 8320 4982
210 P 8360 4453
211 P 8400 3955
212 P 8440 4839
213 P 8480 4468
214 P 8520 4829
215 P 8560 5374
216 P 8600 4850
217 I 8640 64638
218 P 8680 13127
219 P 8720 4638
220 P 8760 3526
221 P 8800 4035
222 P 8840 6417
223 P 8880 4707
224 P 8920 4658
225 P 8960 5875
226 P 9000 5770
227 P 9040 6392
228 P 9080 6042
229 P 9120 5571
230 P 9160 4825
231 P 9200 5608
232 P 9240 4506
233 P 9280 6508
234 P 9320 7971
235 P 9360 6221
236 P 9400 6700
237 P 9440 6051
238 P 9480 7079
239 P 9520 6414
240 P 9560 7215
241 I 9600 72488
242 P 9640 5021
243 P 9680 5742
244 P 9720 4305
245 P 9760 5078
246 P 9800 4272
247 P 9840 5650
248 P 9880 6128
249 P 9920 5834
250 P 9960 6960
251 P 10000 5871
252 P 10040 6499
253 P 10080 5242
254 P 10120 6369
255 P 10160 5033
256 P 10200 7957
257 P 10240 6258
258 P 10280 7768
259 P 10320 5278
260 P 10360 7992
261 P 10400 6801
262 P 10440 6125
263 P 10480 6140
264 P 10520 5923
265 I 10560 72516
266 P 10600 3683
267 P 10640 5803
268 P 10680 3881
269 P 10720 6214
270 P 10760 5385
271 P 10800 7045
272 P 10840 5246
273 P 10880 6482
274 P 10920 7122
275 P 10960 5646
276 P 11000 4526
277 P 11040 7647
278 P 11080 4983
279 P 11120 7086
280 P 11160 7679
281 P 11200 7085
282 P 11240 5700
283 P 11280 8057
284 P 11320 7603
285 P 11360 8177
286 P 11400 7416
287 P 11440 5136
288 P 11480 5616
289 I 11520 71151
290 P 11560 4674
291 P 11600 5498
292 P 11640 6026
293 P 11680 6318
294 P 11720 4503
295 P 11760 6474
296 P 11800 7290
297 P 11840 5398
298 P 11880 4855
299 P 11920 6104
300 P 11960 5187
301 P 12000 6083
302 P 12040 5772
303 P 12080 5779
304 P 12120 6412
305 P 12160 6839
306 P 12200 5841
307 P 12240 6368
308 P 12280 6600
309 P 12320 6405
310 P 12360 6332
311 P 12400 6719
312 P 12440 7263
313 I 12480 62287
314 P 12520 3247
315 P 12560 4099
316 P 12600 4049
317 P 12640 4307
318 P 12680 4917
319 P 12720 4679
320 P 12760 5100
321 P 12800 5618
322 P 12840 5414
323 P 12880 6773
324 P 12920 6899
325 P 12960 6033
326 P 13000 5398
327 P 13040 5813
328 P 13080 7448
329 P 13120 5615
330 P 13160 7357
331 P 13200 5461
332 P 13240 6331
333 P 13280 7116
334 P 13320 6527
335 P 13360 6902
336 P 13400 4835
337 I 13440 61480
338 P 13480 3791
339 P 13520 4075
340 P 13560 4492
341 P 13600 4454
342 P 13640 4878
343 P 13680 4811
344 P 13720 6651
345 P 13760 5617
346 P 13800 6072
347 P 13840 5788
348 P 13880 6076
349 P 13920 7473
350 P 13960 6866
351 P 14000 6515
352 P 14040 6504
353 P 14080 6435
354 P 14120 6625
355 P 14160 7315
356 P 14200 7200
357 P 14240 5831
358 P 14280 6136
359 P 14320 6874
360 P 14360 7515
361 I 14400 69841
362 P 14440 4008
363 P 14480 5084
364 P 14520 6970
365 P 14560 7563
366 P 14600 7552
367 P 14640 6553
368 P 14680 6491
369 P 14720 6113
370 P 14760 7845
371 P 14800 8154
372 P 14840 7707
373 P 14880 7298
374 P 14920 8013
375 P 14960 7977
376 P 15000 8126
377 P 15040 8250
378 P 15080 7335
379 P 15120 7762
380 P 15160 5377
381 P 15200 7153
382 P 15240 6684
383 P 15280 7017
384 P 15320 4881
385 I 15360 69954
386 P 15400 4951
387 P 15440 7097
388 P 15480 7458
389 P 15520 4542
390 P 15560 5976
391 P 15600 6796
392 P 15640 7039
393 P 15680 6479
394 P 15720 5990
395 P 15760 5523
396 P 15800 5728
397 P 15840 6821
398 P 15880 7359
399 P 15920 7718
400 P 15960 8430
401 P 16000 9647
402 P 16040 10946
403 P 16080 9979
404 P 16120 9579
405 P 16160 8046
406 P 16200 6991
407 P 16240 7789
408 P 16280 7912
409 I 16320 69382
410 P 16360 4528
411 P 16400 7468
412 P 16440 7432
413 P 16480 8757
414 P 16520 8527
415 P 16560 8375
416 P 16600 6726
417 P 16640 7568
418 P 16680 7926
419 P 16720 7222
420 P 16760 8182
421 P 16800 8624
422 P 16840 9281
423 P 16880 8068
424 P 16920 9914
425 P 16960 10428
426 P 17000 8408
427 P 17040 9675
428 P 17080 8937
429 P 17120 8266
430 P 17160 9163
431 P 17200 8885
432 P 17240 9232
433 I 17280 70614
434 P 17320 5314
435 P 17360 6137
436 P 17400 7436
437 P 17440 6248
438 P 17480 7545
439 P 17520 6454
440 P 17560 8167
441 P 17600 5976
442 P 17640 6577
443 P 17680 7431
444 P 17720 8136
445 P 17760 7033
446 P 17800 7438
447 P 17840 7884
448 P 17880 7626
449 P 17920 8326
450 P 17960 8152
451 P 18000 8610
452 P 18040 9446
453 P 18080 8139
454 P 18120 7343
455 P 18160 7721
456 P 18200 8494
457 I 18240 72086
458 P 18280 6641
459 P 18320 8310
460 P 18360 8948
461 P 18400 8045
462 P 18440 8456
463 P 18480 8113
464 P 18520 7518
465 P 18560 6773
466 P 18600 7213
467 P 18640 7290
468 P 18680 7513
469 P 18720 8808
470 P 18760 8706
471 P 18800 9211
472 P 18840 8918
473 P 18880 9651
474 P 18920 8553
475 P 18960 7579
476 P 19000 7468
477 P 19040 7958
478 P 19080 8102
479 P 19120 9254
480 P 19160 10446
481 I 19200 75827
482 P 19240 4538
483 P 19280 6515
484 P 19320 7294
485 P 19360 7367
486 P 19400 7572
487 P 19440 8698
488 P 19480 9594
489 P 19520 8497
490 P 19560 8457
491 P 19600 9795
492 P 19640 9978
493 P 19680 11017
494 P 19720 12198
495 P 19760 11212
496 P 19800 10729
497 P 19840 11944
498 P 19880 12791
499 P 19920 10879
500 P 19960 10725
501 P 20000 10999
502 P 20040 9758
503 P 20080 9884
504 P 20120 10611
505 I 20160 74131
506 P 20200 8879
507 P 20240 10213
508 P 20280 11166
509 P 20320 12784
510 P 20360 12310
511 P 20400 12560
512 P 20440 11248
513 P 20480 12446
514 P 20520 12233
515 P 20560 10710
516 P 20600 11565
517 P 20640 12990
518 P 20680 12604
519 P 20720 12341
520 P 20760 11917
521 P 20800 12324
522 P 20840 11066
523 P 20880 10395
524 P 20920 10247
525 P 20960 10529
526 P 21000 9646
527 P 21040 9388
528 P 21080 8531
529 I 21120 72950
530 P 21160 6324
531 P 21200 7552
532 P 21240 7859
533 P 21280 7787
534 P 21320 7940
535 P 21360 8130
536 P 21400 9436
537 P 21440 10401
538 P 21480 9770
539 P 21520 9902
540 P 21560 9149
541 P 21600 9811
542 P 21640 9905
543 P 21680 9621
544 P 21720 10212
545 P 21760 10517
546 P 21800 9944
547 P 21840 10928
548 P 21880 9459
549 P 21920 9028
550 P 21960 8208
551 P 22000 8460
552 P 22040 8312
553 I 22080 71178
554 P 22120 5119
555 P 22160 6723
556 P 22200 6447
557 P 22240 6798
558 P 22280 6851
559 P 22320 7472
560 P 22360 7951
561 P 22400 9128
562 P 22440 9646
563 P 22480 10195
564 P 22520 9302
565 P 22560 9616
566 P 22600 10924
567 P 22640 11838
568 P 22680 10869
569 P 22720 10735
570 P 22760 11531
571 P 22800 11290
572 P 22840 11527
573 P 22880 11236
574 P 22920 11393
575 P 22960 11617
576 P 23000 11310
577 I 23040 71065
578 P 23080 6966
579 P 23120 8574
580 P 23160 9147
581 P 23200 9246
582 P 23240 9072
583 P 23280 9692
584 P 23320 8673
585 P 23360 7854
586 P 23400 8572
587 P 23440 8452
588 P 23480 6783
589 P 23520 4455
590 P 23560 6754
591 P 23600 7040
592 P 23640 5946
593 P 23680 5226
594 P 23720 6485
595 P 23760 6866
596 P 23800 5152
597 P 23840 4436
598 P 23880 5494
599 P 23920 7555
600 P 23960 7728
601 I 24000 72110
602 P 24040 5220
603 P 24080 5718
604 P 24120 6290
605 P 24160 7007
606 P 24200 6987
607 P 24240 6552
608 P 24280 6805
609 P 24320 7243
610 P 24360 7391
611 P 24400 7274
612 P 24440 7228
613 P 24480 7549
614 P 24520 7410
615 P 24560 7781
616 P 24600 7589
617 P 24640 8167
618 P 24680 8078
619 P 24720 6960
620 P 24760 7132
621 P 24800 5995
622 P 24840 4641
623 P 24880 4350
624 P 24920 5663
625 I 24960 72672
626 P 25000 4951
627 P 25040 6037
628 P 25080 4554
629 P 25120 5475
630 P 25160 4182
631 P 25200 5607
632 P 25240 4929
633 P 25280 4854
634 P 25320 5806
635 P 25360 3966
636 P 25400 3931
637 P 25440 3710
638 P 25480 4288
639 P 25520 5549
640 P 25560 6132
641 P 25600 4249
642 P 25640 3912
643 P 25680 5814
644 P 25720 5517
645 P 25760 4511
646 P 25800 4785
647 P 25840 5928
648 P 25880 4948
649 I 25920 73250
650 P 25960 3794
651 P 26000 4633
652 P 26040 4687
653 P 26080 5108
654 P 26120 3221
655 P 26160 3704
656 P 26200 5047
657 P 26240 3253
658 P 26280 3641
659 P 26320 4184
660 P 26360 4061
661 P 26400 5691
662 P 26440 6703
663 P 26480 7416
664 P 26520 9823
665 P 26560 10432
666 P 26600 9161
667 P 26640 11049
668 P 26680 10622
669 P 26720 9992
670 P 26760 9730
671 P 26800 8977
672 P 26840 10042
673 I 26880 71509
674 P 26920 9157
675 P 26960 9391
676 P 27000 9446
677 P 27040 7719
678 P 27080 8152
679 P 27120 6179
680 P 27160 5105
681 P 27200 5297
682 P 27240 6485
683 P 27280 6925
684 P 27320 7900
685 P 27360 8992
686 P 27400 9545
687 P 27440 9846
688 P 27480 11722
689 P 27520 12220
690 P 27560 13069
691 P 27600 12535
692 P 27640 10960
693 P 27680 10724
694 P 27720 9880
695 P 27760 10529
696 P 27800 10813
697 I 27840 71231
698 P 27880 8021
699 P 27920 10191
700 P 27960 11360
701 P 28000 11152
702 P 28040 9407
703 P 28080 9999
704 P 28120 9713
705 P 28160 9386
706 P 28200 11486
707 P 28240 8817
708 P 28280 8442
709 P 28320 8730
710 P 28360 9936
711 P 28400 11074
712 P 28440 10984
713 P 28480 9693
714 P 28520 10178
715 P 28560 11923
716 P 28600 11633
717 P 28640 12641
718 P 28680 13142
719 P 28720 14212
720 P 28760 15004
721 I 28800 70562
722 P 28840 10198
723 P 28880 12470
724 P 28920 12634
725 P 28960 12615
726 P 29000 12183
727 P 29040 99570
728 P 29080 28719
729 P 29120 31764
730 P 29160 31032
731 P 29200 29549
732 P 29240 26667
733 P 29280 26555
734 P 29320 29270
735 P 29360 30373
736 P 29400 27914
737 P 29440 26879
738 P 29480 26195
739 P 29520 25630
740 P 29560 24461
741 P 29600 25307
742 P 29640 24932
743 P 29680 23911
744 P 29720 25591
745 I 29760 97541
746 P 29800 21903
747 P 29840 30857
748 P 29880 33950
749 P 29920 33887
750 P 29960 32103
751 P 30000 32866
752 P 30040 31679
753 P 30080 31721
754 P 30120 32483
755 P 30160 29508
756 P 30200 28582
757 P 30240 32688
758 P 30280 35774
759 P 30320 36293
760 P 30360 36844
761 P 30400 34063
762 P 30440 34878
763 P 30480 34476
764 P 30520 33229
765 P 30560 32166
766 P 30600 33448
767 P 30640 30343
768 P 30680 30625
769 I 30720 96947
770 P 30760 31405
771 P 30800 143625
772 P 30840 9938
773 P 30880 12073
774 P 30920 12558
775 P 30960 13080
776 P 31000 12899
777 P 31040 13888
778 P 31080 14296
779 P 31120 14134
780 P 31160 14253
781 P 31200 13998
782 P 31240 14416
783 P 31280 14380
784 P 31320 14467
785 P 31360 14819
786 P 31400 14982
787 P 31440 14723
788 P 31480 14552
789 P 31520 14955
790 P 31560 14725
791 P 31600 14926
792 P 31640 14873
793 I 31680 141935
794 P 31720 9615
795 P 31760 11749
796 P 31800 12399
797 P 31840 12544
798 P 31880 12835
799 P 31920 13061
800 P 31960 13604
801 P 32000 13831
802 P 32040 13851
803 P 32080 13830
804 P 32120 14080
805 P 32160 14538
806 P 32200 13996
807 P 32240 14407
808 P 32280 14690
809 P 32320 14469
810 P 32360 14530
811 P 32400 14786
812 P 32440 14506
813 P 32480 14744
814 P 32520 14928
815 P 32560 14796
816 P 32600 14906
817 I 32640 141024
818 P 32680 9866
819 P 32720 12017
820 P 32760 12699
821 P 32800 12944
822 P 32840 12748
823 P 32880 13410
824 P 32920 13881
825 P 32960 13862
826 P 33000 14122
827 P 33040 14252
828 P 33080 14222
829 P 33120 14412
830 P 33160 14393
831 P 33200 14390
832 P 33240 14354
833 P 33280 14332
834 P 33320 14621
835 P 33360 15104
836 P 33400 14245
837 P 33440 14765
838 P 33480 14820
839 P 33520 15107
840 P 33560 14687
841 I 33600 140068
842 P 33640 9700
843 P 33680 11857
844 P 33720 12329
845 P 33760 12996
846 P 33800 13254
847 P 33840 13557
848 P 33880 13624
849 P 33920 13801
850 P 33960 14057
851 P 34000 13858
852 P 34040 14469
853 P 34080 14470
854 P 34120 14318
855 P 34160 14686
856 P 34200 96421
857 P 34240 23458
858 P 34280 27414
859 P 34320 29186
860 P 34360 30262
861 P 34400 30973
862 P 34440 27470
863 P 34480 26583
864 P 34520 27840
865 I 34560 96055
866 P 34600 24437
867 P 34640 27203
868 P 34680 27073
869 P 34720 27324
870 P 34760 27017
871 P 34800 28193
872 P 34840 29452
873 P 34880 27548
874 P 34920 23989
875 P 34960 23453
876 P 35000 24125
877 P 35040 25522
878 P 35080 25754
879 P 35120 27079
880 P 35160 27743
881 P 35200 28472
882 P 35240 29058
883 P 35280 29638
884 P 35320 30031
885 P 35360 28864
886 P 35400 28044
887 P 35440 27472
888 P 35480 27045
889 I 35520 99777
890 P 35560 21354
891 P 35600 19089
892 P 35640 18536
893 P 35680 19464
894 P 35720 18738
895 P 35760 19088
896 P 35800 21381
897 P 35840 29101
898 P 35880 39497
899 P 35920 38147
900 P 35960 38988
901 P 36000 40828
902 P 36040 41877
903 P 36080 51062
904 P 36120 53942
905 P 36160 53430
906 P 36200 60432
907 P 36240 58442
908 P 36280 60287
909 P 36320 64758
910 P 36360 70719
911 P 36400 74100
912 P 36440 77309
913 I 36480 76892
914 P 36520 58890
915 P 36560 58079
916 P 36600 49671
917 P 36640 50635
918 P 36680 43433
919 P 36720 44759
920 P 36760 43507
921 P 36800 46324
922 P 36840 45832
923 P 36880 39234
924 P 36920 39232
925 P 36960 32400
926 P 37000 27686
927 P 37040 27110
928 P 37080 32268
929 P 37120 29192
930 P 37160 29138
931 P 37200 30661
932 P 37240 29141
933 P 37280 28199
934 P 37320 28727
935 P 37360 29960
936 P 37400 28957
937 I 37440 109366
938 P 37480 24669
939 P 37520 25256
940 P 37560 24533
941 P 37600 26173
942 P 37640 24454
943 P 37680 27002
944 P 37720 29102
945 P 37760 26626
946 P 37800 27912
947 P 37840 26997
948 P 37880 26714
949 P 37920 28148
950 P 37960 28364
951 P 38000 27523
952 P 38040 28262
953 P 38080 31886
954 P 38120 28277
955 P 38160 26733
956 P 38200 117189
957 P 38240 31693
958 P 38280 31826
959 P 38320 32139
960 P 38360 32512
961 I 38400 117474
962 P 38440 29075
963 P 38480 29349
964 P 38520 30546
965 P 38560 36952
966 P 38600 44415
967 P 38640 43683
968 P 38680 38367
969 P 38720 36120
970 P 38760 32502
971 P 38800 32263
972 P 38840 35244
973 P 38880 38260
974 P 38920 38588
975 P 38960 36892
976 P 39000 34944
977 P 39040 33538
978 P 39080 32444
979 P 39120 30814
980 P 39160 26011
981 P 39200 27499
982 P 39240 31317
983 P 39280 31105
984 P 39320 31652
985 I 39360 111640
986 P 39400 31154
987 P 39440 33825
988 P 39480 56698
989 P 39520 9918
990 P 39560 9409
991 P 39600 10423
992 P 39640 10018
993 P 39680 11524
994 P 39720 12405
995 P 39760 13187
996 P 39800 14244
997 P 39840 14088
998 P 39880 15212
999 P 39920 16053
1000 P 39960 17049
1001 P 40000 18352
1002 P 40040 19123
1003 P 40080 19016
1004 P 40120 19906
1005 P 40160 21300
1006 P 40200 20171
1007 P 40240 20599
1008 P 40280 20979
1009 I 40320 51987
1010 P 40360 18046
1011 P 40400 19870
1012 P 40440 19056
1013 P 40480 18995
1014 P 40520 18335
1015 P 40560 17341
1016 P 40600 14876
1017 P 40640 13726
1018 P 40680 15052
1019 P 40720 15862
1020 P 40760 17093
1021 P 40800 16328
1022 P 40840 17652
1023 P 40880 16233
1024 P 40920 16585
1025 P 40960 17561
1026 P 41000 17947
1027 P 41040 17539
1028 P 41080 16617
1029 P 41120 16366
1030 P 41160 16361
1031 P 41200 15210
1032 P 41240 14971
1033 I 41280 55690
1034 P 41320 11325
1035 P 41360 13667
1036 P 41400 15872
1037 P 41440 15447
1038 P 41480 16178
1039 P 41520 16179
1040 P 41560 16087
1041 P 41600 15573
1042 P 41640 15417
1043 P 41680 15036
1044 P 41720 16364
1045 P 41760 17193
1046 P 41800 16516
1047 P 41840 15786
1048 P 41880 17618
1049 P 41920 79705
1050 P 41960 17394
1051 P 42000 17883
1052 P 42040 17480
1053 P 42080 21435
1054 P 42120 20273
1055 P 42160 19072
1056 P 42200 19381
1057 I 42240 82537
1058 P 42280 15163
1059 P 42320 16737
1060 P 42360 16280
1061 P 42400 24854
1062 P 42440 25879
1063 P 42480 15122
1064 P 42520 14422
1065 P 42560 18301
1066 P 42600 21907
1067 P 42640 18789
1068 P 42680 24500
1069 P 42720 22562
1070 P 42760 15555
1071 P 42800 18255
1072 P 42840 15973
1073 P 42880 14583
1074 P 42920 17043
1075 P 42960 13714
1076 P 43000 15333
1077 P 43040 16501
1078 P 43080 18374
1079 P 43120 12743
1080 P 43160 18511
1081 I 43200 79025
1082 P 43240 12777
1083 P 43280 12314
1084 P 43320 11998
1085 P 43360 13070
1086 P 43400 12919
1087 P 43440 13611
1088 P 43480 13221
1089 P 43520 14752
1090 P 43560 14261
1091 P 43600 12585
1092 P 43640 13589
1093 P 43680 15263
1094 P 43720 11337
1095 P 43760 14745
1096 P 43800 12934
1097 P 43840 12414
1098 P 43880 11122
1099 P 43920 14094
1100 P 43960 15158
1101 P 44000 14009
1102 P 44040 12239
1103 P 44080 13417
1104 P 44120 14761
1105 I 44160 80041
1106 P 44200 20354
1107 P 44240 11801
1108 P 44280 11504
1109 P 44320 17692
1110 P 44360 15535
1111 P 44400 16700
1112 P 44440 13226
1113 P 44480 12732
1114 P 44520 12387
1115 P 44560 11507
1116 P 44600 9012
1117 P 44640 12721
1118 P 44680 11426
1119 P 44720 11985
1120 P 44760 10069
1121 P 44800 51131
1122 P 44840 7581
1123 P 44880 8342
1124 P 44920 8531
1125 P 44960 8552
1126 P 45000 9256
1127 P 45040 10325
1128 P 45080 9792
1129 I 45120 49414
1130 P 45160 7402
1131 P 45200 9231
1132 P 45240 7860
1133 P 45280 8004
1134 P 45320 9270
1135 P 45360 9238
1136 P 45400 10092
1137 P 45440 9939
1138 P 45480 9936
1139 P 45520 10886
1140 P 45560 10767
1141 P 45600 10593
1142 P 45640 11379
1143 P 45680 11145
1144 P 45720 12019
1145 P 45760 11634
1146 P 45800 10935
1147 P 45840 11349
1148 P 45880 11240
1149 P 45920 11342
1150 P 45960 11141
1151 P 46000 11632
1152 P 46040 11750
1153 I 46080 50069
1154 P 46120 7973
1155 P 46160 10134
1156 P 46200 11660
1157 P 46240 11484
1158 P 46280 12878
1159 P 46320 12268
1160 P 46360 12991
1161 P 46400 13434
1162 P 46440 13717
1163 P 46480 13123
1164 P 46520 12779
1165 P 46560 12704
1166 P 46600 13115
1167 P 46640 13913
1168 P 46680 13916
1169 P 46720 14171
1170 P 46760 14812
1171 P 46800 15333
1172 P 46840 15866
1173 P 46880 15365
1174 P 46920 16078
1175 P 46960 15649
1176 P 47000 16187
1177 I 47040 53601
1178 P 47080 11704
1179 P 47120 14926
1180 P 47160 16627
1181 P 47200 16993
1182 P 47240 17121
1183 P 47280 16994
1184 P 47320 16977
1185 P 47360 17284
1186 P 47400 17395
1187 P 47440 18378
1188 P 47480 18724
1189 P 47520 18476
1190 P 47560 17166
1191 P 47600 16598
1192 P 47640 16866
1193 P 47680 16661
1194 P 47720 16370
1195 P 47760 16860
1196 P 47800 15976
1197 P 47840 14507
1198 P 47880 13663
1199 P 47920 12655
1200 P 47960 12513
1201 I 48000 44253
1202 P 48040 6796
1203 P 48080 8128
1204 P 48120 7751
1205 P 48160 7546
1206 P 48200 7955
1207 P 48240 8056
1208 P 48280 8683
1209 P 48320 8411
1210 P 48360 7369
1211 P 48400 7196
1212 P 48440 7117
1213 P 48480 6693
1214 P 48520 6549
1215 P 48560 6771
1216 P 48600 6974
1217 P 48640 7225
1218 P 48680 7784
1219 P 48720 7822
1220 P 48760 8499
1221 P 48800 7659
1222 P 48840 7368
1223 P 48880 7783
1224 P 48920 6385
1225 I 48960 42540
1226 P 49000 4168
1227 P 49040 5628
1228 P 49080 4917
1229 P 49120 4861
1230 P 49160 5027
1231 P 49200 4354
1232 P 49240 3033
1233 P 49280 4590
1234 P 49320 5110
1235 P 49360 4080
1236 P 49400 4811
1237 P 49440 3515
1238 P 49480 2572
1239 P 49520 2878
1240 P 49560 2719
1241 P 49600 2901
1242 P 49640 3662
1243 P 49680 4559
1244 P 49720 3678
1245 P 49760 4792
1246 P 49800 3280
1247 P 49840 4085
1248 P 49880 5521
1249 I 49920 42749
1250 P 49960 2706
1251 P 50000 3120
1252 P 50040 2594
1253 P 50080 3567
1254 P 50120 4743
1255 P 50160 4751
1256 P 50200 4512
1257 P 50240 4571
1258 P 50280 5097
1259 P 50320 5284
1260 P 50360 4826
1261 P 50400 4792
1262 P 50440 4384
1263 P 50480 4285
1264 P 50520 4636
1265 P 50560 4572
1266 P 50600 4791
1267 P 50640 4889
1268 P 50680 4042
1269 P 50720 4245
1270 P 50760 4249
1271 P 50800 3994
1272 P 50840 5358
1273 I 50880 42711
1274 P 50920 2621
1275 P 50960 4347
1276 P 51000 3324
1277 P 51040 3471
1278 P 51080 3315
1279 P 51120 3016
1280 P 51160 2995
1281 P 51200 3477
1282 P 51240 2886
1283 P 51280 2763
1284 P 51320 3603
1285 P 51360 3578
1286 P 51400 3886
1287 P 51440 4301
1288 P 51480 4136
1289 P 51520 3620
1290 P 51560 3835
1291 P 51600 3555
1292 P 51640 3506
1293 P 51680 4792
1294 P 51720 5773
1295 P 51760 5560
1296 P 51800 7793
1297 I 51840 41235
1298 P 51880 5623
1299 P 51920 5329
1300 P 51960 5529
1301 P 52000 6086
1302 P 52040 6306
1303 P 52080 6341
1304 P 52120 6585
1305 P 52160 6608
1306 P 52200 6848
1307 P 52240 6165
1308 P 52280 1969
1309 P 52320 254
1310 P 52360 254
1311 P 52400 311
1312 P 52440 516
1313 P 52480 817
1314 P 52520 1025
1315 P 52560 1124
1316 P 52600 1162
1317 P 52640 1196
1318 P 52680 1267
1319 P 52720 1160
1320 P 52760 1092
1321 I 52800 3541
1322 P 52840 790
1323 P 52880 1194
1324 P 52920 1183
1325 P 52960 1275
1326 P 53000 1110
1327 P 53040 1298
1328 P 53080 1179
1329 P 53120 1414
1330 P 53160 1224
1331 P 53200 1303
1332 P 53240 1041
1333 P 53280 1504
1334 P 53320 1091
1335 P 53360 1390
1336 P 53400 1357
1337 P 53440 1147
1338 P 53480 1440
1339 P 53520 1113
1340 P 53560 1280
1341 P 53600 1372
1342 P 53640 1238
1343 P 53680 1284
1344 P 53720 1318
1345 I 53760 4136
1346 P 53800 841
1347 P 53840 1239
1348 P 53880 1256
1349 P 53920 1127
1350 P 53960 1291
1351 P 54000 1222
1352 P 54040 1095
1353 P 54080 1158
1354 P 54120 1150
1355 P 54160 1142
1356 P 54200 1190
1357 P 54240 1157
1358 P 54280 1181
1359 P 54320 1179
1360 P 54360 1053
1361 P 54400 1164
1362 P 54440 1075
1363 P 54480 1013
1364 P 54520 1171
1365 P 54560 1043
1366 P 54600 1055
1367 P 54640 1003
1368 P 54680 1135
1369 I 54720 4275
1370 P 54760 779
1371 P 54800 922
1372 P 54840 962
1373 P 54880 966
1374 P 54920 947
1375 P 54960 943
1376 P 55000 926
1377 P 55040 1021
1378 P 55080 857
1379 P 55120 919
1380 P 55160 894
1381 P 55200 906
1382 P 55240 830
1383 P 55280 929
1384 P 55320 914
1385 P 55360 877
1386 P 55400 868
1387 P 55440 872
1388 P 55480 949
1389 P 55520 815
1390 P 55560 898
1391 P 55600 865
1392 P 55640 804
1393 I 55680 4338
1394 P 55720 728
1395 P 55760 739
1396 P 55800 753
1397 P 55840 748
1398 P 55880 815
1399 P 55920 811
1400 P 55960 793
1401 P 56000 787
1402 P 56040 782
1403 P 56080 861
1404 P 56120 793
1405 P 56160 798
1406 P 56200 779
1407 P 56240 783
1408 P 56280 804
1409 P 56320 753
1410 P 56360 847
1411 P 56400 773
1412 P 56440 855
1413 P 56480 790
1414 P 56520 798
1415 P 56560 894
1416 P 56600 749
1417 I 56640 4220
1418 P 56680 707
1419 P 56720 678
1420 P 56760 701
1421 P 56800 756
1422 P 56840 763
1423 P 56880 743
1424 P 56920 846
1425 P 56960 801
1426 P 57000 800
1427 P 57040 771
1428 P 57080 746
1429 P 57120 844
1430 P 57160 803
1431 P 57200 821
1432 P 57240 748
1433 P 57280 786
1434 P 57320 799
1435 P 57360 817
1436 P 57400 817
1437 P 57440 793
1438 P 57480 765
1439 P 57520 55605
1440 P 57560 4113
1441 I 57600 54616
1442 P 57640 3880
1443 P 57680 4332
1444 P 57720 4367
1445 P 57760 4348
1446 P 57800 4560
1447 P 57840 4784
1448 P 57880 4734
1449 P 57920 4856
1450 P 57960 4772
1451 P 58000 5020
1452 P 58040 4905
1453 P 58080 5041
1454 P 58120 5098
1455 P 58160 5390
1456 P 58200 5205
1457 P 58240 5448
1458 P 58280 5341
1459 P 58320 5427
1460 P 58360 5604
1461 P 58400 5402
1462 P 58440 5754
1463 P 58480 5667
1464 P 58520 5830
1465 I 58560 53973
1466 P 58600 3767
1467 P 58640 4095
1468 P 58680 4193
1469 P 58720 4411
1470 P 58760 4346
1471 P 58800 4619
1472 P 58840 4525
1473 P 58880 4839
1474 P 58920 4912
1475 P 58960 4837
1476 P 59000 5042
1477 P 59040 5019
1478 P 59080 5149
1479 P 59120 5274
1480 P 59160 5192
1481 P 59200 5235
1482 P 59240 5301
1483 P 59280 5660
1484 P 59320 5703
1485 P 59360 5584
1486 P 59400 5729
1487 P 59440 5778
1488 P 59480 5674
1489 I 59520 52849
1490 P 59560 3750
1491 P 59600 4028
1492 P 59640 4107
1493 P 59680 4326
1494 P 59720 4438
1495 P 59760 4563
1496 P 59800 4480
1497 P 59840 4609
1498 P 59880 4733
1499 P 59920 4852
1500 P 59960 4946
1501 P 60000 4926
1502 P 60040 5211
1503 P 60080 5191
1504 P 60120 5289
1505 P 60160 5272
1506 P 60200 5185
1507 P 60240 5324
1508 P 60280 5649
1509 P 60320 5398
1510 P 60360 5576
1511 P 60400 5622
1512 P 60440 5567
1513 I 60480 51776
1514 P 60520 3619
1515 P 60560 3747
1516 P 60600 3947
1517 P 60640 3940
1518 P 60680 4067
1519 P 60720 4037
1520 P 60760 4172
1521 P 60800 4449
1522 P 60840 4426
1523 P 60880 4476
1524 P 60920 4700
1525 P 60960 4892
1526 P 61000 5050
1527 P 61040 4918
1528 P 61080 4824
1529 P 61120 5166
1530 P 61160 5040
1531 P 61200 5410
1532 P 61240 5027
1533 P 61280 5364
1534 P 61320 5237
1535 P 61360 5613
1536 P 61400 5423
1537 I 61440 50497
1538 P 61480 3498
1539 P 61520 48129
1540 P 61560 9365
1541 P 61600 9781
1542 P 61640 10877
1543 P 61680 10885
1544 P 61720 10909
1545 P 61760 11154
1546 P 61800 11118
1547 P 61840 11947
1548 P 61880 11980
1549 P 61920 11776
1550 P 61960 12033
1551 P 62000 12337
1552 P 62040 12522
1553 P 62080 12655
1554 P 62120 12421
1555 P 62160 12610
1556 P 62200 13996
1557 P 62240 13939
1558 P 62280 13755
1559 P 62320 13626
1560 P 62360 13434
1561 I 62400 52221
1562 P 62440 11211
1563 P 62480 12302
1564 P 62520 12830
1565 P 62560 13544
1566 P 62600 13521
1567 P 62640 14115
1568 P 62680 13647
1569 P 62720 13624
1570 P 62760 13324
1571 P 62800 12577
1572 P 62840 12540
1573 P 62880 12686
1574 P 62920 12843
1575 P 62960 12963
1576 P 63000 11966
1577 P 63040 12507
1578 P 63080 12215
1579 P 63120 12126
1580 P 63160 11717
1581 P 63200 11864
1582 P 63240 12131
1583 P 63280 12561
1584 P 63320 12512
1585 I 63360 51626
1586 P 63400 10135
1587 P 63440 11502
1588 P 63480 11731
1589 P 63520 11901
1590 P 63560 11837
1591 P 63600 11958
1592 P 63640 12416
1593 P 63680 12370
1594 P 63720 12741
1595 P 63760 12682
1596 P 63800 12783
1597 P 63840 12731
1598 P 63880 12742
1599 P 63920 12464
1600 P 63960 12695
1601 P 64000 12789
1602 P 64040 12621
1603 P 64080 12097
1604 P 64120 11891
1605 P 64160 12236
1606 P 64200 11706
1607 P 64240 12018
1608 P 64280 11760
1609 I 64320 53011
1610 P 64360 8871
1611 P 64400 10156
1612 P 64440 10101
1613 P 64480 10401
1614 P 64520 10277
1615 P 64560 10512
1616 P 64600 10417
1617 P 64640 10244
1618 P 64680 10272
1619 P 64720 10081
1620 P 64760 10190
1621 P 64800 10164
1622 P 64840 10358
1623 P 64880 10508
1624 P 64920 10625
1625 P 64960 10825
1626 P 65000 10915
1627 P 65040 10705
1628 P 65080 10706
1629 P 65120 11466
1630 P 65160 11485
1631 P 65200 11873
1632 P 65240 11847
1633 I 65280 60063
1634 P 65320 8998
1635 P 65360 10631
1636 P 65400 10624
1637 P 65440 11322
1638 P 65480 11327
1639 P 65520 11678
1640 P 65560 11872
1641 P 65600 11843
1642 P 65640 12138
1643 P 65680 12321
1644 P 65720 12193
1645 P 65760 12807
1646 P 65800 13150
1647 P 65840 13452
1648 P 65880 13669
1649 P 65920 13670
1650 P 65960 13419
1651 P 66000 13191
1652 P 66040 13575
1653 P 66080 13582
1654 P 66120 13696
1655 P 66160 13812
1656 P 66200 13442
1657 I 66240 68951
1658 P 66280 10820
1659 P 66320 12435
1660 P 66360 12685
1661 P 66400 12807
1662 P 66440 13171
1663 P 66480 13994
1664 P 66520 13745
1665 P 66560 13703
1666 P 66600 63909
1667 P 66640 4865
1668 P 66680 5831
1669 P 66720 6655
1670 P 66760 6713
1671 P 66800 6340
1672 P 66840 5959
1673 P 66880 6338
1674 P 66920 5753
1675 P 66960 6504
1676 P 67000 7107
1677 P 67040 7686
1678 P 67080 7928
1679 P 67120 7300
1680 P 67160 7068
1681 I 67200 58823
1682 P 67240 4894
1683 P 67280 5908
1684 P 67320 6282
1685 P 67360 6349
1686 P 67400 6852
1687 P 67440 6305
1688 P 67480 6511
1689 P 67520 6883
1690 P 67560 7318
1691 P 67600 6939
1692 P 67640 6676
1693 P 67680 7417
1694 P 67720 7522
1695 P 67760 6928
1696 P 67800 6320
1697 P 67840 6994
1698 P 67880 7784
1699 P 67920 8166
1700 P 67960 7960
1701 P 68000 7928
1702 P 68040 7214
1703 P 68080 7639
1704 P 68120 7872
1705 I 68160 50519
1706 P 68200 4388
1707 P 68240 5005
1708 P 68280 5098
1709 P 68320 5333
1710 P 68360 5793
1711 P 68400 5976
1712 P 68440 6064
1713 P 68480 6162
1714 P 68520 6715
1715 P 68560 6463
1716 P 68600 6945
1717 P 68640 6597
1718 P 68680 6776
1719 P 68720 6552
1720 P 68760 5925
1721 P 68800 6440
1722 P 68840 6601
1723 P 68880 6835
1724 P 68920 6750
1725 P 68960 6766
1726 P 69000 7030
1727 P 69040 7178
1728 P 69080 5707
1729 I 69120 45161
1730 P 69160 3490
1731 P 69200 4697
1732 P 69240 51079
1733 P 69280 2845
1734 P 69320 3842
1735 P 69360 4531
1736 P 69400 4035
1737 P 69440 3814
1738 P 69480 3721
1739 P 69520 4116
1740 P 69560 4008
1741 P 69600 3647
1742 P 69640 3206
1743 P 69680 3673
1744 P 69720 4065
1745 P 69760 4468
1746 P 69800 4302
1747 P 69840 4837
1748 P 69880 4256
1749 P 69920 4169
1750 P 69960 4298
1751 P 70000 3907
1752 P 70040 4152
1753 I 70080 50077
1754 P 70120 2207
1755 P 70160 3355
1756 P 70200 4101
1757 P 70240 4642
1758 P 70280 5200
1759 P 70320 5021
1760 P 70360 4695
1761 P 70400 4209
1762 P 70440 4566
1763 P 70480 5156
1764 P 70520 4978
1765 P 70560 6213
1766 P 70600 5218
1767 P 70640 5197
1768 P 70680 5322
1769 P 70720 6490
1770 P 70760 5311
1771 P 70800 5592
1772 P 70840 5052
1773 P 70880 5913
1774 P 70920 4423
1775 P 70960 5771
1776 P 71000 4844
1777 I 71040 49336
1778 P 71080 3637
1779 P 71120 5557
1780 P 71160 4145
1781 P 71200 4692
1782 P 71240 4497
1783 P 71280 4819
1784 P 71320 6484
1785 P 71360 8160
1786 P 71400 7508
1787 P 71440 7556
1788 P 71480 8102
1789 P 71520 7784
1790 P 71560 5643
1791 P 71600 6799
1792 P 71640 7128
1793 P 71680 8515
1794 P 71720 6783
1795 P 71760 5814
1796 P 71800 5464
1797 P 71840 31072
1798 P 71880 7311
1799 P 71920 8017
1800 P 71960 10031
1801 I 72000 30498
1802 P 72040 6476
1803 P 72080 8538
1804 P 72120 8345
1805 P 72160 9422
1806 P 72200 9774
1807 P 72240 8997
1808 P 72280 9677
1809 P 72320 9993
1810 P 72360 8856
1811 P 72400 9652
1812 P 72440 9940
1813 P 72480 8889
1814 P 72520 10077
1815 P 72560 10159
1816 P 72600 11173
1817 P 72640 10999
1818 P 72680 12458
1819 P 72720 13115
1820 P 72760 13551
1821 P 72800 13864
1822 P 72840 13792
1823 P 72880 14846
1824 P 72920 14253
1825 I 72960 24999
1826 P 73000 13580
1827 P 73040 15839
1828 P 73080 17743
1829 P 73120 17017
1830 P 73160 20285
1831 P 73200 20694
1832 P 73240 20179
1833 P 73280 21315
1834 P 73320 22405
1835 P 73360 24424
1836 P 73400 24314
1837 P 73440 24475
1838 P 73480 27565
1839 P 73520 27627
1840 P 73560 22150
1841 P 73600 24175
1842 P 73640 24750
1843 P 73680 20793
1844 P 73720 22121
1845 P 73760 22114
1846 P 73800 20954
1847 P 73840 21451
1848 P 73880 19892
1849 I 73920 44800
1850 P 73960 13171
1851 P 74000 18806
1852 P 74040 19301
1853 P 74080 17167
1854 P 74120 14068
1855 P 74160 11526
1856 P 74200 10889
1857 P 74240 10379
1858 P 74280 10123
1859 P 74320 7813
1860 P 74360 8879
1861 P 74400 8517
1862 P 74440 8127
1863 P 74480 8769
1864 P 74520 8759
1865 P 74560 8439
1866 P 74600 8781
1867 P 74640 8651
1868 P 74680 9556
1869 P 74720 9529
1870 P 74760 9581
1871 P 74800 10875
1872 P 74840 11042
1873 I 74880 54403
1874 P 74920 9377
1875 P 74960 14792
1876 P 75000 15803
1877 P 75040 17998
1878 P 75080 18677
1879 P 75120 19414
1880 P 75160 18559
1881 P 75200 18603
1882 P 75240 18398
1883 P 75280 16510
1884 P 75320 15185
1885 P 75360 13454
1886 P 75400 11408
1887 P 75440 12077
1888 P 75480 12669
1889 P 75520 13147
1890 P 75560 13191
1891 P 75600 13562
1892 P 75640 13005
1893 P 75680 14730
1894 P 75720 14029
1895 P 75760 13829
1896 P 75800 15279
1897 I 75840 53132
1898 P 75880 10581
1899 P 75920 10834
1900 P 75960 13313
1901 P 76000 13811
1902 P 76040 12611
1903 P 76080 13574
1904 P 76120 13648
1905 P 76160 13293
1906 P 76200 13464
1907 P 76240 12831
1908 P 76280 12956
1909 P 76320 12958
1910 P 76360 12529
1911 P 76400 12005
1912 P 76440 13185
1913 P 76480 11550
1914 P 76520 12410
1915 P 76560 12704
1916 P 76600 12734
1917 P 76640 11580
1918 P 76680 11465
1919 P 76720 12182
1920 P 76760 10749
1921 I 76800 59526
1922 P 76840 8071
1923 P 76880 9410
1924 P 76920 9790
1925 P 76960 10068
1926 P 77000 9389
1927 P 77040 10920
1928 P 77080 10197
1929 P 77120 10088
1930 P 77160 10034
1931 P 77200 10455
1932 P 77240 11852
1933 P 77280 12445
1934 P 77320 14646
1935 P 77360 18349
1936 P 77400 21598
1937 P 77440 24943
1938 P 77480 27611
1939 P 77520 30157
1940 P 77560 31225
1941 P 77600 29969
1942 P 77640 31159
1943 P 77680 30163
1944 P 77720 27936
1945 I 77760 54767
1946 P 77800 20123
1947 P 77840 17259
1948 P 77880 10357
1949 P 77920 6172
1950 P 77960 6912
1951 P 78000 6782
1952 P 78040 7011
1953 P 78080 6879
1954 P 78120 6915
1955 P 78160 7110
1956 P 78200 6862
1957 P 78240 6948
1958 P 78280 6954
1959 P 78320 6917
1960 P 78360 7237
1961 P 78400 6918
1962 P 78440 7213
1963 P 78480 7289
1964 P 78520 7078
1965 P 78560 7311
1966 P 78600 7105
1967 P 78640 6954
1968 P 78680 6916
1969 I 78720 53686
1970 P 78760 4638
1971 P 78800 5376
1972 P 78840 5942
1973 P 78880 6363
1974 P 78920 5983
1975 P 78960 6578
1976 P 79000 6350
1977 P 79040 6581
1978 P 79080 7055
1979 P 79120 31564
1980 P 79160 3922
1981 P 79200 4687
1982 P 79240 5301
1983 P 79280 5634
1984 P 79320 4238
1985 P 79360 4543
1986 P 79400 4555
1987 P 79440 4476
1988 P 79480 4897
1989 P 79520 4867
1990 P 79560 4936
1991 P 79600 4941
1992 P 79640 5095
1993 I 79680 30194
1994 P 79720 2885
1995 P 79760 3534
1996 P 79800 3184
1997 P 79840 3565
1998 P 79880 4164
1999 P 79920 4869
2000 P 79960 4798
2001 P 80000 4629
2002 P 80040 4879
2003 P 80080 4989
2004 P 80120 5189
2005 P 80160 5577
2006 P 80200 4934
2007 P 80240 4999
2008 P 80280 4892
2009 P 80320 5000
2010 P 80360 5386
2011 P 80400 5453
2012 P 80440 5217
2013 P 80480 4966
2014 P 80520 4988
2015 P 80560 5132
2016 P 80600 5203
2017 I 80640 30640
2018 P 80680 3105
2019 P 80720 4598
2020 P 80760 6022
2021 P 80800 7799
2022 P 80840 10949
2023 P 80880 12152
2024 P 80920 12507
2025 P 80960 17498
2026 P 81000 20051
2027 P 81040 20748
2028 P 81080 21139
2029 P 81120 16028
2030 P 81160 9019
2031 P 81200 5769
2032 P 81240 4785
2033 P 81280 6505
2034 P 81320 6147
2035 P 81360 4064
2036 P 81400 4468
2037 P 81440 5111
2038 P 81480 4736
2039 P 81520 4707
2040 P 81560 4551
2041 I 81600 36031
2042 P 81640 2738
2043 P 81680 3153
2044 P 81720 2663
2045 P 81760 1929
2046 P 81800 1140
2047 P 81840 1638
2048 P 81880 2438
2049 P 81920 2061
2050 P 81960 2364
2051 P 82000 54755
2052 P 82040 4638
2053 P 82080 5549
2054 P 82120 6138
2055 P 82160 5890
2056 P 82200 6071
2057 P 82240 6831
2058 P 82280 6898
2059 P 82320 6262
2060 P 82360 6830
2061 P 82400 6676
2062 P 82440 6846
2063 P 82480 6991
2064 P 82520 22170
2065 I 82560 50055
2066 P 82600 4227
2067 P 82640 5636
2068 P 82680 5283
2069 P 82720 6044
2070 P 82760 6610
2071 P 82800 5767
2072 P 82840 6993
2073 P 82880 6028
2074 P 82920 6563
2075 P 82960 7203
2076 P 83000 5800
2077 P 83040 6800
2078 P 83080 6804
2079 P 83120 6125
2080 P 83160 6380
2081 P 83200 6657
2082 P 83240 5653
2083 P 83280 6855
2084 P 83320 6696
2085 P 83360 6505
2086 P 83400 6091
2087 P 83440 8272
2088 P 83480 5968
2089 I 83520 48434
2090 P 83560 4958
2091 P 83600 4884
2092 P 83640 4672
2093 P 83680 5674
2094 P 83720 5684
2095 P 83760 6149
2096 P 83800 5581
2097 P 83840 5714
2098 P 83880 6058
2099 P 83920 5807
2100 P 83960 6281
2101 P 84000 6007
2102 P 84040 6381
2103 P 84080 6369
2104 P 84120 7178
2105 P 84160 6558
2106 P 84200 6063
2107 P 84240 6263
2108 P 84280 6342
2109 P 84320 6274
2110 P 84360 6549
2111 P 84400 5991
2112 P 84440 6894
2113 I 84480 46791
2114 P 84520 4155
2115 P 84560 4726
2116 P 84600 5761
2117 P 84640 5072
2118 P 84680 50493
2119 P 84720 6277
2120 P 84760 7390
2121 P 84800 8471
2122 P 84840 9217
2123 P 84880 10513
2124 P 84920 10383
2125 P 84960 10891
2126 P 85000 11815
2127 P 85040 7183
2128 P 85080 8732
2129 P 85120 8533
2130 P 85160 8972
2131 P 85200 9083
2132 P 85240 9847
2133 P 85280 10277
2134 P 85320 8814
2135 P 85360 8199
2136 P 85400 7785
2137 I 85440 49384
2138 P 85480 5582
2139 P 85520 7226
2140 P 85560 6341
2141 P 85600 4745
2142 P 85640 5647
2143 P 85680 5163
2144 P 85720 6190
2145 P 85760 5896
2146 P 85800 6479
2147 P 85840 5635
2148 P 85880 3506
2149 P 85920 3389
2150 P 85960 4012
2151 P 86000 5736
2152 P 86040 7225
2153 P 86080 8728
2154 P 86120 9580
2155 P 86160 9261
2156 P 86200 8959
2157 P 86240 8756
2158 P 86280 9432
2159 P 86320 10019
2160 P 86360 10630
2161 I 86400 50968
2162 P 86440 4819
2163 P 86480 6039
2164 P 86520 5659
2165 P 86560 6676
2166 P 86600 8229
2167 P 86640 10425
2168 P 86680 10504
2169 P 86720 10765
2170 P 86760 12044
2171 P 86800 11994
2172 P 86840 10720
2173 P 86880 10496
2174 P 86920 7740
2175 P 86960 6306
2176 P 87000 6228
2177 P 87040 6323
2178 P 87080 7823
2179 P 87120 7682
2180 P 87160 7040
2181 P 87200 6558
2182 P 87240 7153
2183 P 87280 8297
2184 P 87320 7985
2185 I 87360 48687
2186 P 87400 4091
2187 P 87440 5126
2188 P 87480 5181
2189 P 87520 5692
2190 P 87560 6579
2191 P 87600 6704
2192 P 87640 5831
2193 P 87680 5737
2194 P 87720 5317
2195 P 87760 5671
2196 P 87800 5819
2197 P 87840 4159
2198 P 87880 5242
2199 P 87920 7221
2200 P 87960 7366
2201 P 88000 7990
2202 P 88040 8620
2203 P 88080 7420
2204 P 88120 5770
2205 P 88160 5780
2206 P 88200 6776
2207 P 88240 6126
2208 P 88280 5703
2209 I 88320 49671
2210 P 88360 4127
2211 P 88400 4736
2212 P 88440 5114
2213 P 88480 4573
2214 P 88520 4604
2215 P 88560 5257
2216 P 88600 6004
2217 P 88640 5580
2218 P 88680 5018
2219 P 88720 52404
2220 P 88760 4550
2221 P 88800 5455
2222 P 88840 5899
2223 P 88880 6075
2224 P 88920 6220
2225 P 88960 6638
2226 P 89000 6021
2227 P 89040 6764
2228 P 89080 6834
2229 P 89120 6418
2230 P 89160 6785
2231 P 89200 9054
2232 P 89240 6264
2233 I 89280 50892
2234 P 89320 5520
2235 P 89360 5145
2236 P 89400 5194
2237 P 89440 6210
2238 P 89480 6105
2239 P 89520 6334
2240 P 89560 6052
2241 P 89600 6090
2242 P 89640 6411
2243 P 89680 6157
2244 P 89720 6765
2245 P 89760 6584
2246 P 89800 6535
2247 P 89840 6949
2248 P 89880 7414
2249 P 89920 6532
2250 P 89960 6377
2251 P 90000 6663
2252 P 90040 7077
2253 P 90080 6530
2254 P 90120 6732
2255 P 90160 6467
2256 P 90200 7278
2257 I 90240 48861
2258 P 90280 4443
2259 P 90320 5068
2260 P 90360 6060
2261 P 90400 5474
2262 P 90440 6157
2263 P 90480 5902
2264 P 90520 5909
2265 P 90560 5944
2266 P 90600 6424
2267 P 90640 6256
2268 P 90680 6877
2269 P 90720 6441
2270 P 90760 6924
2271 P 90800 6858
2272 P 90840 6379
2273 P 90880 6109
2274 P 90920 6401
2275 P 90960 8082
2276 P 91000 6845
2277 P 91040 6426
2278 P 91080 6899
2279 P 91120 6653
2280 P 91160 6203
2281 I 91200 47370
2282 P 91240 4002
2283 P 91280 5143
2284 P 91320 5212
2285 P 91360 5740
2286 P 91400 6394
2287 P 91440 6526
2288 P 91480 6908
2289 P 91520 7325
2290 P 91560 7590
2291 P 91600 8492
2292 P 91640 7791
2293 P 91680 8941
2294 P 91720 8896
2295 P 91760 8611
2296 P 91800 9464
2297 P 91840 9122
2298 P 91880 9361
2299 P 91920 9881
2300 P 91960 9507
2301 P 92000 9892
2302 P 92040 10290
2303 P 92080 9649
2304 P 92120 10686
2305 I 92160 49922
2306 P 92200 15232
2307 P 92240 23189
2308 P 92280 24163
2309 P 92320 26093
2310 P 92360 26805
2311 P 92400 25997
2312 P 92440 25150
2313 P 92480 24740
2314 P 92520 22944
2315 P 92560 20414
2316 P 92600 18785
2317 P 92640 15361
2318 P 92680 14448
2319 P 92720 12919
2320 P 92760 13466
2321 P 92800 13913
2322 P 92840 13692
2323 P 92880 12443
2324 P 92920 12750
2325 P 92960 10942
2326 P 93000 11473
2327 P 93040 10556
2328 P 93080 11027
2329 I 93120 58884
2330 P 93160 7679
2331 P 93200 9982
2332 P 93240 9061
2333 P 93280 11085
2334 P 93320 10664
2335 P 93360 10469
2336 P 93400 13680
2337 P 93440 11915
2338 P 93480 13954
2339 P 93520 13932
2340 P 93560 11171
2341 P 93600 12092
2342 P 93640 11628
2343 P 93680 10352
2344 P 93720 10426
2345 P 93760 11280
2346 P 93800 12107
2347 P 93840 12321
2348 P 93880 13490
2349 P 93920 13731
2350 P 93960 12627
2351 P 94000 14843
2352 P 94040 12775
2353 I 94080 55038
2354 P 94120 12846
2355 P 94160 12713
2356 P 94200 12572
2357 P 94240 12446
2358 P 94280 12633
2359 P 94320 12792
2360 P 94360 11979
2361 P 94400 12324
2362 P 94440 12699
2363 P 94480 12365
2364 P 94520 12492
2365 P 94560 12754
2366 P 94600 13660
2367 P 94640 14386
2368 P 94680 14787
2369 P 94720 13868
2370 P 94760 12688
2371 P 94800 14275
2372 P 94840 13270
2373 P 94880 14328
2374 P 94920 14319
2375 P 94960 14561
2376 P 95000 14939
2377 I 95040 52851
2378 P 95080 11913
2379 P 95120 14593
2380 P 95160 15346
2381 P 95200 15499
2382 P 95240 15959
2383 P 95280 17509
2384 P 95320 13065
2385 P 95360 14792
2386 P 95400 14360
2387 P 95440 13136
2388 P 95480 15274
2389 P 95520 14217
2390 P 95560 15542
2391 P 95600 14028
2392 P 95640 14700
2393 P 95680 14975
2394 P 95720 14364
2395 P 95760 14861
2396 P 95800 14720
2397 P 95840 13585
2398 P 95880 14851
2399 P 95920 15793
2400 P 95960 16393
2401 I 96000 49343
2402 P 96040 10032
2403 P 96080 9930
2404 P 96120 11738
2405 P 96160 11696
2406 P 96200 11799
2407 P 96240 12707
2408 P 96280 12279
2409 P 96320 11491
2410 P 96360 10840
2411 P 96400 11455
2412 P 96440 10548
2413 P 96480 11872
2414 P 96520 13148
2415 P 96560 12160
2416 P 96600 13113
2417 P 96640 12959
2418 P 96680 11758
2419 P 96720 12955
2420 P 96760 12088
2421 P 96800 11415
2422 P 96840 12397
2423 P 96880 12638
2424 P 96920 14737
2425 I 96960 49885
2426 P 97000 8308
2427 P 97040 12743
2428 P 97080 12172
2429 P 97120 12421
2430 P 97160 12527
2431 P 97200 14072
2432 P 97240 12746
2433 P 97280 12541
2434 P 97320 13399
2435 P 97360 13275
2436 P 97400 13209
2437 P 97440 13461
2438 P 97480 12885
2439 P 97520 13387
2440 P 97560 14007
2441 P 97600 14618
2442 P 97640 12858
2443 P 97680 13662
2444 P 97720 13251
2445 P 97760 13495
2446 P 97800 12935
2447 P 97840 13121
2448 P 97880 12630
2449 I 97920 46541
2450 P 97960 7852
2451 P 98000 9760
2452 P 98040 10191
2453 P 98080 10742
2454 P 98120 10500
2455 P 98160 9601
2456 P 98200 10171
2457 P 98240 9051
2458 P 98280 10844
2459 P 98320 11366
2460 P 98360 9992
2461 P 98400 8541
2462 P 98440 11091
2463 P 98480 10055
2464 P 98520 10391
2465 P 98560 10597
2466 P 98600 11484
2467 P 98640 10916
2468 P 98680 11287
2469 P 98720 10961
2470 P 98760 9672
2471 P 98800 11144
2472 P 98840 9673
2473 I 98880 51344
2474 P 98920 6630
2475 P 98960 9087
2476 P 99000 9628
2477 P 99040 8762
2478 P 99080 10179
2479 P 99120 8881
2480 P 99160 10432
2481 P 99200 9509
2482 P 99240 9253
2483 P 99280 11106
2484 P 99320 9406
2485 P 99360 9918
2486 P 99400 10714
2487 P 99440 10967
2488 P 99480 9963
2489 P 99520 11308
2490 P 99560 10094
2491 P 99600 10476
2492 P 99640 10977
2493 P 99680 11363
2494 P 99720 10690
2495 P 99760 12040
2496 P 99800 10402
2497 I 99840 57327
2498 P 99880 8134
2499 P 99920 10525
2500 P 99960 10576
2501 P 100000 11256
